11121
29936
9769
9361
406
30335
30155
6140
25242
31458
26259
28436
30527
11368
19424
30925
14203
13502
13312
10310
12225
32028
30619
30366
11138
16060
22606
5897
26868
30608
29334
12579
14866
5940
1776
5508
14052
30754
24126
8340
25856
31013
19821
16288
30801
19216
7253
19502
4375
18095
21472
12686
6959
24318
14191
4274
12949
921
28025
22080
12583
1908
7029
30436
18859
24524
30971
17899
21524
20317
7718
6670
12033
20950
4412
13451
23175
23434
22417
7803
12336
16744
3496
28767
23619
23853
19100
14332
31814
16856
21182
28777
1730
5214
23936
16486
24646
23712
29330
29423
16814
25242
8778
24081
21413
27613
7497
11261
9065
27967
28508
14939
21711
1233
24992
992
13702
20497
18410
18467
5535
29281
15717
26028
2381
24504
5245
6734
30698
16280
32252
7608
7227
31808
11123
19014
23029
21026
28892
18461
3200
29591
10621
28278
13050
5330
25616
20282
7551
29714
6688
8400
32680
12828
30390
31282
3153
3817
28725
5447
32416
24220
14723
2925
13379
19127
20073
16468
15608
13197
7997
28435
851
17915
8126
3445
29372
6483
15679
31124
16055
27033
8
9642
12136
16882
23545
13859
5974
11097
29808
17911
22127
13204
22381
17718
3660
24678
29684
9701
27575
25351
20403
19208
10602
8145
16357
28160
12314
24124
10614
28183
30644
13580
3176
15962
3559
1737
24181
26023
26082
8816
30966
17670
21855
23656
7683
6204
25312
13239
22748
25758
18744
22390
15751
18980
21582
8322
19387
27326
31518
21365
30973
23531
23296
16085
9737
22151
30765
2443
883
6372
26495
17814
10638
12061
17784
6912
26509
5543
7814
7953
3560
27177
11397
11204
14338
7822
3462
19319
22792
25176
22479
3302
4124
13879
12067
21338
1971
24026
16195
30494
25659
9221
16308
18995
1538
9444
25795
21828
8787
4767
25031
24796
30690
10286
24742
7895
8809
15983
4762
2071
20884
14197
15925
17016
26395
13347
28323
8965
16429
18426
10288
8300
11797
7984
17929
18863
25112
19202
25927
5405
20636
10315
297
7041
20368
5204
9377
5017
29703
25582
21779
8649
29478
20670
6745
20497
2625
20697
18442
16957
12865
3217
27644
31323
8777
26254
1543
16754
26009
18976
27916
2161
2226
13267
1334
21862
8634
10308
11136
4336
14371
3380
31352
18423
20360
6363
19522
13722
6615
19326
7647
10601
5301
10052
14256
7637
5662
6726
16181
4836
3148
20197
5659
298
29915
22112
10870
30964
20266
24998
7243
16838
3588
31848
23633
3592
19584
32371
10232
5884
18981
10045
1707
13555
29266
6077
11346
18369
29405
7808
25884
878
9723
2554
28283
29998
21344
29978
24944
21651
3239
16929
4616
29954
10483
14259
2087
27492
9175
29742
30084
15389
25459
11068
19701
9538
10720
24996
24301
22790
13775
7014
8002
15478
22124
12294
30772
32359
30345
14632
20140
6828
25336
20317
7105
7564
20536
2365
16256
15219
25429
28854
28909
4327
16905
25251
28485
7870
28199
3232
22662
22158
28729
32029
18737
19302
5480
31154
10575
23227
17565
4018
19122
24997
12006
4867
15485
21068
24347
32557
30695
15772
27841
28336
19003
9537
22062
7323
8227
10703
17902
9306
5671
26944
18278
29648
29297
8612
11959
9126
27603
27668
14310
10722
25099
9192
8505
6843
27461
20010
17636
27563
23265
5450
30180
27847
9591
11538
9260
27724
17944
13021
3071
14458
2263
24068
29853
29605
24200
5274
16929
28297
7624
14425
24234
31966
21822
16347
16057
30764
4896
28686
1242
25825
17912
18914
2183
28065
6824
68
17481
10461
31659
2640
28448
23719
5535
9666
17701
13508
1280
23982
17262
7939
4407
26994
23346
16846
6355
30696
24621
16639
4886
15072
13894
17653
19123
18125
624
30694
13782
6846
25294
28022
3941
25744
29210
10377
5509
21858
6727
13142
4449
6730
31333
32190
3111
19782
25542
30171
21842
29302
12895
3803
15919
21896
1136
10767
11930
23411
5480
5695
30473
7272
16387
6465
973
23045
27573
14281
21908
9677
26955
12163
25393
19413
720
22367
18592
21951
17069
23085
26436
14828
13845
32617
23412
2798
11936
30296
27446
15164
18230
22356
21066
18730
12335
20323
3947
26392
1720
10767
5841
29673
15225
11634
3578
22455
19573
31889
29866
6340
22065
29675
24369
15540
16408
13393
9708
18938
2078
20471
11790
32145
29092
19916
12192
2284
7067
30471
7367
27695
16877
8962
3654
16543
11800
30028
22851
1879
6940
16890
12878
20542
4248
3133
415
19765
31024
21306
19615
9621
30769
8469
22699
7640
17016
4175
27412
26518
32400
15187
19050
11700
28698
19019
25850
12504
29298
4920
16533
2079
1679
66
6035
23059
30763
12364
18200
8663
24100
1484
29334
21669
31267
6106
147
31611
15227
14727
21677
5392
26964
2927
27355
21517
14344
19346
14325
3450
19917
22367
29559
27510
31381
5138
11906
14380
10034
12608
23587
21762
16318
31152
11992
12819
7482
9837
28496
23008
12917
26649
12403
25922
47
6788
1186
27556
5247
22142
6208
17262
6514
21993
21873
9924
14069
24082
29985
4209
19445
9281
8521
25886
17092
24718
3181
15560
1215
759
8810
24689
20782
16048
13934
20501
31595
24506
21064
25823
21575
7863
2786
25501
17065
26365
32267
4978
20344
17129
23930
11466
10427
25205
11024
13459
24575
28685
2654
6059
26617
10143
19303
6804
5485
25586
4775
29039
10063
5688
16980
5160
6695
23526
2275
8942
19130
9923
14542
28390
11238
11071
19861
31520
5070
2311
16899
2506
25655
25046
7090
2467
4658
21134
20433
30643
20732
647
25893
2362
25634
15655
30542
12774
23784
18867
32588
23112
18156
30052
1345
23177
2055
958
8056
3417
30580
31005
25255
3881
28724
29585
10097
32154
25264
1515
18735
19253
10657
18712
16880
31580
9773
6062
18366
23168
26450
10181
20260
1685
24712
30472
5869
23491
29602
15628
8493
6495
20982
22496
15750
21273
30909
26341
2212
631
19645
2015
1290
19586
6437
27213
12561
20415
30136
11510
15917
3680
22573
14789
19827
18620
21718
5078
21848
23549
21121
19409
5308
31000
13724
3703
14119
18435
18076
378
3666
19234
22431
25234
1257
5890
27983
7373
11919
12873
28426
18471
6435
12781
8769
18266
17217
26021
29982
30711
23564
10397
23658
10422
12331
10862
18605
18954
26642
17485
30359
3321
31619
11906
7838
25643
32340
10781
18409
6977
10866
29412
17005
30824
19238
3471
3158
7213
28055
17976
9896
5011
31377
29453
7462
20578
7556
20296
17779
31683
7376
609
31095
22282
1855
10113
20740
7891
23251
26939
7865
9296
2243
1399
13351
4321
31424
19886
12595
2021
32124
30557
25275
6865
13421
20659
29821
17279
31439
11661
31284
22728
21992
8357
5123
12628
23695
21766
12823
26801
14319
7108
15241
31395
8585
489
7297
10427
632
690
32673
24107
6137
10748
13985
1497
16682
15097
5686
1714
23058
12071
18745
23105
18402
8579
24325
29056
6778
31226
6433
23534
26415
27936
15391
25825
16588
9252
26563
6942
28886
8452
14952
30375
22037
13053
17312
4308
3151
3910
2587
8869
16727
25085
10442
15703
23367
27490
18243
28981
21513
32067
29032
22193
28188
27831
4675
11699
9876
19471
5685
1841
2147
266
30800
11520
17624
2888
16129
15338
13669
3841
11250
9216
10917
30711
9006
817
11421
18601
3463
3612
4163
27082
14901
31523
1596
3569
959
9153
1770
32146
15391
20509
16294
24365
9249
24799
25930
20421
29196
19266
4083
24468
11140
7018
1029
18173
22191
28921
3183
26562
18071
10717
18992
28279
1743
12139
7450
10295
10842
6578
2517
24725
456
7433
16680
23509
31906
30187
11380
16733
14856
18181
9089
2662
3225
7564
12157
18679
30099
4052
32578
23316
23355
10783
28888
24115
32384
7603
21563
30447
29659
26159
19294
16640
9081
22814
27503
31595
5276
21453
861
17654
2111
31578
11160
31967
9977
17166
792
7117
17955
11500
15776
6407
2109
30858
26436
12260
23694
13344
297
6531
8715
25567
23436
3771
29050
13188
20741
9813
21207
26156
18189
25465
25079
30826
6079
2151
9835
10391
18651
360
8871
22889
13328
31747
24164
711
1147
32371
28738
9436
11627
4953
19122
29035
15975
23983
20499
8034
14450
10493
29211
7345
18573
18895
24697
4700
2942
25190
2744
28367
16080
24494
31079
27251
795
17008
17015
14974
4997
2249
7396
26127
5769
19419
22424
29050
27639
26050
14220
21472
7228
13257
304
27396
19684
18654
12557
24921
24157
9284
10152
14944
5886
16520
19626
31024
32583
3766
27967
5462
21355
12748
22972
12768
11787
3695
1668
19125
20549
733
13356
19496
10989
23331
25309
18636
3354
21904
5370
16777
7141
19305
9475
13295
30573
20958
12986
25291
12575
26429
27524
3320
30516
102
12817
1656
6522
2687
26943
26563
19288
13545
26172
18271
18188
6002
19947
12721
13880
2252
24970
21267
925
14654
32401
2087
31270
26009
21981
18538
21800
13934
7693
7948
9704
8062
17709
9727
12894
21362
26002
14158
12600
8140
516
18608
1826
17694
19747
9565
26949
8057
3
31264
2317
13097
1050
26541
11568
29087
29788
3894
23532
19119
14756
19769
31376
24060
18006
5788
1597
24752
13634
11259
18926
2928
20428
5953
13750
9359
16202
10101
15177
31361
28078
24279
21438
25235
22885
1836
4755
4058
24703
24662
27122
22121
18191
7463
1074
11975
31957
8823
22177
3489
26138
15476
20865
25531
11228
15930
20816
23084
22315
16292
13645
7883
15315
28001
16183
21733
30267
8010
8280
32305
141
10482
22466
28677
8983
6271
17881
10441
17394
22457
6417
6573
23009
25441
30713
14487
1659
3268
3193
28255
7053
31120
21591
13631
4026
21989
23296
31621
9828
27823
16518
7819
20176
6708
12773
4585
32388
19689
13962
1769
2804
2186
30486
10300
18014
8041
24927
15851
25587
5639
19895
19856
26423
25825
2418
2757
8874
3212
27298
11229
2472
12292
20773
30418
22926
10562
14562
6783
24094
19468
16719
10255
21797
19217
20023
16566
13658
29493
9658
19359
23690
12586
12181
18469
26866
5440
14755
4165
16877
18814
26020
8019
5071
11761
9278
12525
17168
3908
24897
19502
6829
11153
17711
3875
14795
31095
12284
20099
1181
25965
20754
23962
7305
31061
152
4743
9094
8789
15860
23207
20169
2274
30606
29521
3232
12061
32727
6852
16798
18787
21387
19805
24824
1311
5427
25358
25647
12771
25069
8459
26095
184
25455
5062
25656
19890
17226
17694
28091
10183
25452
8915
16007
2784
32745
10558
4068
49
7675
9791
8063
6342
27719
10358
12744
30303
30817
28342
5017
22142
23955
27574
24344
21438
20698
12810
2014
20838
11826
23634
29273
17726
27411
17842
6766
21410
4668
9858
3427
29140
11439
26950
15101
663
15357
19424
25061
8441
10691
8452
6992
3440
20597
17901
18911
28968
346
8270
28612
27548
11224
14476
12327
7780
2546
17450
32712
11085
30223
13445
18661
22703
19965
7617
1630
20475
1845
2563
6679
10900
22625
3296
25246
16608
7195
11030
21518
28574
20728
27258
6195
18298
23237
7730
31214
23262
26896
17188
8155
7692
9963
174
23090
3434
6124
8600
2027
3612
18040
6471
22310
15576
10049
26931
25801
7926
22030
31387
32619
27079
4027
16503
4465
21544
3456
13742
30326
9815
9590
2953
16369
31749
21590
7271
11537
27820
5252
30387
23020
3618
9805
5140
27097
1391
11629
4323
12570
6620
18389
30690
8639
32332
427
30251
32710
17615
19089
2918
8327
12405
20522
2623
14672
22880
25050
32024
332
22301
16846
17146
10921
25909
1853
30930
30457
13822
30189
730
27353
26551
28408
19029
25809
20436
24272
895
7036
4247
19585
4036
18153
11488
28214
20528
31040
3654
26367
31783
27305
12646
4561
20566
15465
27771
32207
10729
30542
1072
32711
25086
18766
690
32000
32090
18027
1288
21299
1115
12506
29351
471
5934
3171
21313
30881
4674
267
14047
12108
22269
20721
25647
27286
3245
25974
16671
21131
28097
14240
10666
15877
30009
6081
10482
22388
91
6227
18576
32475
14504
8231
27176
3355
23054
26559
24384
23668
10591
26104
13138
14921
12034
28651
23583
9763
2537
4118
17479
505
28354
22711
25623
6063
10098
13689
23714
6108
9919
82
18707
30160
1100
23980
14913
17622
29899
9155
4228
31414
4718
20814
10184
15230
2462
22369
2527
4738
32240
14994
6940
15522
15189
20315
29981
26571
1937
5567
25576
3009
10222
30768
14650
16411
28465
29105
27163
13199
26573
24376
10934
10351
28247
86
31848
6772
20538
27417
25111
29115
17068
30514
11973
26381
17888
25683
8804
32099
18557
16347
18668
13481
8016
19893
20396
22979
9533
30845
17629
6094
6012
3301
30077
11944
514
17496
23899
29362
20540
25309
23918
31188
22019
27709
11370
6594
25805
13416
13717
7038
16672
20245
22999
18463
3149
8873
18193
13008
30298
8794
22960
25627
19520
29588
15490
19048
13911
667
15048
5056
15118
19059
30860
21719
23007
21501
1333
8522
21122
12386
31832
31013
27745
29364
10449
12200
21069
27859
24083
12107
22127
13198
31676
16127
12929
11787
20333
11447
6206
13417
18648
295
9750
419
13338
8395
5159
31928
28236
32300
11625
7433
18516
16735
26920
28162
3073
2254
14520
30204
22360
10043
23908
1122
16936
769
23207
11027
485
31389
22687
26376
32690
29294
2750
15415
5312
28601
28355
18615
24791
25840
30696
4900
28466
4916
31325
6213
7568
9496
27382
23532
31112
26280
18209
286
2077
16042
14618
11636
11154
19747
19554
15297
7040
21277
18029
501
8997
18344
30618
11842
6655
15903
6249
32637
19097
428
1769
23750
15270
2574
30831
4203
3916
11674
29581
10762
27842
13440
9794
19446
10269
12624
27759
26588
7271
17085
6794
11943
27634
8864
24726
14240
6891
9792
22867
8922
14386
5072
6578
15053
2153
28985
21643
22849
26444
12314
26258
4974
21312
23309
24200
29025
22318
10285
21934
13473
18065
5333
11391
29203
32718
28330
32670
795
10437
28123
26894
4612
6565
17575
24993
17826
27140
18464
22195
20533
21551
5679
18455
26001
25278
23769
594
23676
7276
9920
18695
32600
8742
20717
1459
20482
29538
3532
20123
17145
19634
6520
23042
13763
21657
825
12702
9356
2717
12364
14925
25361
11421
31714
25605
23740
1637
6250
5641
8208
24448
5651
11107
14664
31565
12941
5006
8251
24406
22032
27507
15747
21468
24992
8855
19166
21175
12943
146
4820
22621
32579
7875
21403
19264
28986
10818
18743
27997
8266
534
8933
3089
21294
1448
26554
25135
10558
10104
3720
24657
4478
6159
19713
20331
13018
7477
25119
422
10672
26979
24515
1387
16015
1915
14236
3773
31295
11959
3914
2765
15105
4831
8131
4552
12055
1216
9206
10996
22663
30425
6831
5883
32285
14935
24507
5255
11695
2116
24652
21262
13220
11003
28319
2032
11191
23519
30939
22975
3833
10572
10045
5597
25365
30926
9586
25677
28376
31121
6980
28099
6129
6937
6265
10237
19957
23603
30712
15446
9894
1580
32302
15513
3956
10304
14000
6675
14404
26453
21794
4844
7025
30186
7511
2487
18192
18506
5817
31559
19321
22789
3820
1732
29443
4512
12206
15359
9998
11148
11266
9219
9799
7509
18573
14317
28711
26652
17216
14845
2493
22855
24119
9452
32686
5239
4577
9600
18810
31162
10850
21087
29184
15363
21557
5665
10565
15319
23574
32680
9073
31304
9759
27828
26906
14375
8241
17074
31941
5494
13205
10709
31146
17692
31203
32360
4024
10460
14627
27747
217
27016
27443
26940
887
24434
21609
32767
11839
24356
28024
9121
20773
15953
9368
31634
24488
9483
14817
24209
20567
32565
15096
28612
5524
8764
25070
4616
5016
31490
23397
9606
14263
22555
14325
17287
5349
9276
3278
27785
10618
9456
1950
23697
12850
4493
31157
31172
11896
5735
7783
4401
31204
6211
8369
22002
7938
19471
9248
22131
18261
30416
21743
23569
27803
27099
17263
26855
12115
3912
3756
18404
30333
6820
8782
25377
15521
12774
3005
21618
11794
8868
10889
25660
31860
30599
16392
27270
2940
509
8769
18002
23287
11309
5640
24365
21006
10032
5227
25861
20424
18814
32589
16955
9424
12710
2385
29689
23161
323
21754
15558
27391
17451
3856
25943
20240
22505
2117
32680
1162
26478
4632
24652
29319
20227
8954
16898
20119
31874
1455
18312
26444
8134
6136
20404
30716
16224
23663
20416
27074
1419
25522
10214
9670
22883
20675
9772
23742
6225
31919
11138
26549
970
32110
9994
9739
14137
5131
23479
31934
14905
17925
9241
23271
776
9716
10359
26504
32056
3951
15135
15492
26792
23086
20218
21231
9395
18540
15459
1160
15271
13455
18489
18052
17017
16907
8499
398
24759
5508
18292
11019
5309
22579
4704
930
2092
2698
18605
7932
2200
27163
32445
6344
30849
28342
12075
6915
19589
8913
16804
6518
26835
23341
29688
26240
29411
4535
22896
1301
27493
26541
25699
23559
9335
4865
11780
11908
26650
15106
28798
32225
25319
2105
26435
14485
9982
27537
2464
23177
23360
24764
21398
25231
27326
12241
4325
16687
18544
29242
24169
9386
6955
24269
21929
17977
26061
8505
5806
7318
32699
16548
9233
6077
29069
22930
17752
18932
2567
12041
25475
8713
16203
22259
5089
6875
12366
1475
17704
1051
23177
15707
17093
18516
22513
25389
625
21545
14632
417
28677
735
20469
14519
11151
13339
32242
8686
28069
28396
23428
11108
1529
13835
19216
11838
10286
29026
19564
17482
31466
4300
9364
8419
7469
19484
11679
28950
5601
9312
25329
1795
25010
2663
32177
21637
4895
20096
13694
30997
14545
15749
31069
26347
32300
3864
13558
25447
14885
2349
30209
26288
24659
31945
1531
7835
2120
8
19485
6350
32545
2405
2958
22565
5980
20534
20952
22868
10986
5750
10649
19150
901
16327
25979
31718
7492
22967
5989
18228
30573
31043
2035
31803
26506
4506
16932
3144
8895
10275
1875
32413
29018
2496
16233
28623
16556
25941
14672
8301
1816
28548
20395
22242
11881
29627
17860
6301
30824
30321
28869
32367
4527
19628
300
10292
18104
19655
121
5045
3897
31858
22313
23245
25524
24570
28392
7371
4425
20171
17667
5912
32720
28979
284
12570
7716
19304
25633
32599
26817
31181
9087
478
16018
625
1170
8675
30724
24536
19552
12969
29791
10495
22408
31141
4438
31386
28277
480
16605
1440
10711
16029
12602
26377
31572
16700
15199
11479
11898
1630
2935
11347
30201
7754
14271
3481
22799
13455
14743
12374
5443
15083
31961
19921
18518
15212
31081
31784
30327
5589
2829
30428
16566
11331
31615
20624
24507
17168
29377
29198
14008
6136
16817
2699
4764
29818
15069
21804
27018
16257
3480
22473
11913
21060
22350
32496
3453
5227
24340
15149
9046
9075
12163
904
1671
2387
711
24912
13241
18016
13555
26903
12993
12910
12439
17662
2000
31032
2453
13363
17642
13826
14896
9143
20378
29308
13926
17509
12003
3306
18816
16944
30073
18818
29159
172
7218
4885
12089
208
24759
12018
30364
21498
31871
26632
16723
16435
18430
30026
27023
31156
7705
8024
18823
5546
5086
26971
20682
6711
22642
16688
980
20409
20810
31434
6624
14158
18078
6865
11518
19096
13339
13455
12389
26813
4569
24333
8458
5298
10636
1401
9330
26810
19454
5835
2500
25385
31421
22697
24866
28782
23056
24967
7481
22096
32560
32274
29463
25720
28341
1487
27709
3632
24399
25343
24310
20842
5302
20935
16615
3844
26340
6797
2022
14410
18817
19365
3344
30141
26527
13869
9749
11027
10151
12853
26839
31870
11155
28196
19764
14641
8542
19798
8479
20257
30649
6666
758
11272
19200
3708
22031
12208
7788
31054
26005
4974
13706
300
10642
27372
8684
19376
25164
8748
22814
2947
32213
7370
26331
14790
31710
23170
3969
32432
17356
17649
30403
3448
8462
2720
7838
30581
22957
11070
21134
14980
4900
6445
21249
3754
31091
5185
21772
14074
23663
8644
10845
22969
14172
17853
9585
9153
22205
24945
3591
15139
4203
23339
14804
17680
16869
29497
7544
762
2279
27191
27057
19190
27198
23696
2254
24421
23258
30529
4199
27091
24357
27104
31564
7455
13459
14813
16315
17116
14714
23305
5590
14328
1829
12628
595
7323
29220
24539
31094
15186
25829
2338
11836
27501
18569
25757
25050
29350
28656
19830
18277
10755
14614
11914
20435
27133
22691
28597
29218
481
957
18511
17367
15991
27681
6902
30122
17378
17010
16014
2176
16071
13008
22663
20121
12465
4013
11358
3339
23476
7900
1127
20847
4433
15595
6089
20442
26778
19123
4554
23823
8086
6445
7757
22770
11239
18312
8088
7488
16042
18296
29019
17534
16287
31696
23790
23855
906
9555
8923
23882
16857
4551
15772
27115
3462
16716
16806
18249
21823
30188
32422
1256
11973
24947
17930
14864
29074
25985
31427
26237
25790
6621
20041
19288
1059
3340
20192
20582
8384
29475
11035
18816
24667
14041
20126
12355
24682
8416
15399
9736
52
2422
18640
21014
5684
18487
7310
28695
5310
22069
7166
8905
25061
22090
8033
24310
26267
30637
6884
678
6426
26308
7206
27795
1667
16441
16628
10205
8133
14928
2903
32767
19905
30840
14032
4354
4268
15648
29410
10225
11956
28107
9937
1932
13798
7527
8874
25920
21839
4314
24963
12887
20833
29151
16644
1389
6041
9232
21030
14371
13663
28739
10043
3351
13870
31258
17199
29203
11508
13270
3597
12932
27836
17516
29380
11822
13450
5083
2604
26655
21126
29116
30532
481
605
2587
22718
30452
2789
7301
29629
11387
24320
10594
31709
10550
17858
2438
7284
2480
19926
9218
10007
1210
4125
13888
2912
5143
1433
25167
31727
5497
29834
30587
25775
30637
14550
10529
5722
18450
27566
10177
19264
13391
11887
20565
26948
21573
7366
26081
9511
20547
10776
2380
27401
14201
28193
25454
12332
6832
9435
13674
4604
16184
26017
17214
26188
32289
21908
19608
8419
9134
22846
2028
12855
25350
2421
21443
17272
12845
28546
4694
29648
8755
19587
25435
31466
1963
28686
12319
21681
1887
25111
15829
23130
23362
25620
14893
27812
25510
3422
30249
4958
22703
1755
17197
13866
12296
10714
9813
21122
2772
1598
22026
21240
16360
5087
13784
27586
22071
4909
17530
8309
909
24855
12343
22289
897
16939
1394
7230
23205
26878
11132
31957
23039
15310
9132
6306
30397
7526
16050
21097
18980
15682
15400
16678
19914
13044
2154
18073
10245
26822
3240
28418
7331
6561
17721
32298
30171
26157
4658
19874
31108
17722
30264
24655
16005
21343
14226
20263
30349
17888
6018
29493
4
1237
5078
28899
21569
12425
26298
2168
9725
5665
14544
20448
17415
22398
14723
14764
5178
19044
4504
3417
15021
21211
25605
13525
16681
15573
20743
831
21216
22802
12143
22766
24667
24897
28732
18614
16309
26472
24687
8806
7431
21637
15643
1685
20259
14966
19900
26527
25733
32022
30921
7146
31878
5801
1677
25966
16595
31610
1586
4724
4894
24770
2335
7069
17171
27340
10372
25383
24718
1623
2354
31084
32267
28988
20913
2731
30558
13904
18060
23051
4260
8332
240
28125
377
26987
29557
20770
16491
9876
12604
3661
8879
15033
11066
18250
9235
19903
22483
3774
27444
4127
30891
26257
24049
19852
29369
1962
23071
4822
27805
22265
26238
27406
10035
11195
28652
30699
17512
19193
26329
26988
28748
15442
20731
6335
8297
23547
9027
19042
23892
19972
30735
23432
19073
14045
30113
24254
24667
23832
30928
27598
3220
6256
22525
9955
11450
12811
21065
17135
5900
6652
32517
842
9611
5644
20843
156
30548
19898
1163
13564
23596
22400
903
4953
7773
11096
8707
11801
7873
7807
14552
12545
30492
19577
31496
12885
5806
4437
5879
8000
3337
31026
30680
18293
30497
18690
15205
19479
17058
1166
12243
30167
15238
5563
28165
13916
6118
30987
25600
22759
30224
4966
25503
9783
219
5403
2439
32682
11831
3618
4190
13734
19464
6052
25656
7479
20277
14012
2642
10489
6395
23680
12547
2361
9864
10043
31727
5975
24261
18685
24702
4206
29299
14166
9869
25399
633
2142
24931
5419
124
8440
29926
744
32177
6232
31502
32726
23535
29891
7579
6410
5385
9622
14339
32619
3162
24202
21935
23827
7841
14390
24678
6648
25616
14806
4874
21451
22687
12362
1154
3360
24230
30306
24311
22480
20395
4696
5955
32411
3960
19614
14502
29202
21873
9178
6331
31925
8229
16944
1963
600
1827
22463
20641
20171
24335
32366
7806
14265
25589
2792
6349
5585
24028
28389
19705
22820
29599
4268
14269
15566
8184
15317
733
24025
31966
3924
19220
14686
22801
3251
589
21997
19443
11423
16918
7215
15257
7334
8785
8906
2338
2623
26668
29061
22343
7947
8532
32685
7988
4698
32614
29111
1942
29681
1959
23078
12790
5131
27380
432
29253
11421
6652
31388
9400
12254
27052
878
5590
24583
23531
31942
12495
5207
24712
30342
26639
20315
8816
6195
3091
2668
13605
26782
1147
23161
13931
14531
8033
20999
14405
13809
27370
17525
1823
26411
19738
20101
8269
6607
19949
18456
27828
373
18339
825
5063
3866
29019
31837
31414
17278
30691
24553
17377
202
6351
2293
25235
8054
29640
23888
5869
19050
1575
10948
26144
26211
1219
27035
25312
2201
2054
2145
23061
16543
15943
9452
14291
14730
6227
22170
14476
30293
9293
28122
14980
11652
2745
19694
17286
2056
25043
15855
3798
18275
19237
27153
14182
5900
3928
22056
21068
3349
11339
2155
3444
7691
2402
15224
9874
2078
17953
17049
20059
31105
22265
838
19445
30228
25697
10219
29868
16449
8233
28651
19430
18723
1291
16612
24409
27630
13444
23861
13179
30859
26338
25533
21562
20866
8605
31974
24046
8477
10218
22754
4748
27083
22926
25397
20252
30146
29680
20340
30061
27112
26995
25420
7687
32756
17154
8645
9825
11216
16365
15304
28500
12354
10227
27104
24528
26316
928
4925
32718
16081
11993
26110
16261
14328
31157
17584
16097
23510
19342
11537
10545
31431
31832
31770
31008
12316
22578
13117
14566
29052
315
8940
4799
11652
9127
7770
17820
15793
12306
7301
21017
12160
4115
27252
29616
10451
2325
21181
14892
27543
16738
24139
22368
15524
7041
4702
29976
12772
23490
20435
10064
11192
19479
14246
20132
32151
21029
14517
32520
2553
11163
10951
16057
21875
17603
6860
12660
21795
23895
11367
997
31822
28565
13481
11106
19784
3477
29216
19929
29076
10459
1552
26119
7501
30761
4864
30699
16836
28566
9336
27003
21355
32484
17418
21397
9970
2575
24463
24376
10671
20514
25779
756
31043
13390
13748
13471
7803
7485
23398
25418
28532
24228
6267
19827
23811
24856
16897
1917
12115
31778
300
18013
30160
13973
25174
17045
11844
24863
21828
18278
26432
16159
683
16961
25022
12726
6898
26240
30212
6433
570
14675
16332
24646
32156
6653
21921
26252
17841
6720
3980
15344
8792
15125
8432
25430
29619
24993
2483
3868
19571
6245
8862
3061
342
28853
18695
19957
20973
6251
28077
21480
3747
30684
2787
21736
24571
27659
17905
27695
4889
28957
16311
14121
3972
20749
22675
6605
23082
10913
27525
7470
18853
25757
17553
7245
20412
24886
22117
13106
31789
1481
29500
9275
7338
27341
3330
10163
7713
18439
16569
22950
4928
28924
12571
14836
1081
30124
29825
29349
27586
15229
6659
22652
1376
8822
2529
22991
20710
2733
17698
20374
28472
19971
18554
25793
15445
526
5745
1999
19093
5719
11458
6812
9007
8902
26881
21626
28669
31322
8321
2692
29316
22045
28533
21039
27695
11352
853
12834
23515
2051
25732
21832
13464
29823
815
29731
29102
20872
2936
26723
11231
9061
17620
7863
5100
13153
177
23267
30299
5247
23645
531
11382
24682
23075
24430
7831
16555
5559
5871
15267
6174
6100
14960
2517
24743
3363
13576
13501
4385
25695
151
15496
8087
6071
22943
10881
29623
9587
25942
28376
23939
31707
32249
19362
25674
23636
6498
28962
471
31181
32221
12103
7656
22105
14648
24693
24034
9245
3609
29065
7362
11629
19348
11031
8023
2098
17149
8181
22703
6287
20475
25854
21199
9924
9950
30224
4006
3154
23859
27735
30276
15456
24725
27086
8264
11101
20422
24066
7063
23015
27134
2074
29780
1771
2178
23060
6924
19726
22137
8529
31536
12108
15099
6228
21961
22751
10604
17863
13415
5219
19464
19646
2138
15927
15550
4672
18981
13862
16450
23556
11568
5191
14174
19576
15293
9505
14985
24583
28445
28947
5050
20380
6180
21236
2686
31842
11226
25078
13897
18639
18547
13008
19209
736
1666
13340
5121
17318
27241
10749
4309
26625
2580
3334
26849
1708
15079
20567
10447
1913
23540
21257
32361
16350
4210
205
26283
14513
32362
26063
541
304
26036
14817
864
13124
8994
9941
27654
3335
29691
20010
2983
17283
3499
20972
30000
29373
23992
25813
24191
20210
1528
9656
7725
31520
26882
18976
15275
10440
23266
23604
17809
25842
18961
4061
25138
13939
29860
29483
20084
29035
32195
32245
16095
25617
30557
17600
22259
16563
13338
21218
10943
26872
30097
28648
32431
32361
19132
21556
14758
23599
12968
4331
15692
24094
22385
12046
6314
6387
30062
18918
18676
26586
17065
10406
31909
29492
27282
6988
3281
5270
29172
7880
8375
15381
5927
3168
12183
15041
648
22611
21699
5743
23334
9148
10743
19132
5054
9658
7149
6990
1002
12238
27949
23389
8597
20868
23331
20082
28338
24406
6515
1647
28461
24781
6033
25296
15138
10729
17548
5424
334
9155
17706
20239
3523
2161
20538
31954
10463
5674
9510
12811
25214
32170
20680
11003
7535
4056
13438
1878
28453
28327
897
8773
10159
17722
10866
11185
5611
19275
21814
26303
23542
6093
1796
12695
26598
1744
30908
14954
25788
13990
12667
1459
14228
24644
3436
10685
23839
3818
9953
25445
15187
31495
21922
26657
15201
3159
14468
6465
16360
18254
32062
31861
19304
10681
23161
7568
27385
15011
28710
15755
14653
20853
532
29389
3475
22626
16578
7849
11149
3586
5234
23593
1701
2621
7806
19466
28203
2667
25839
25095
13698
18617
23628
5979
11404
25295
17328
9857
31843
5040
1823
13374
15434
17633
7194
2529
21219
15053
3185
17610
30626
24680
9049
7977
26753
30227
28862
13832
10229
10176
5851
28812
22305
20054
5639
27767
74
24663
2770
5106
25996
21952
4688
16522
10187
816
18613
3960
23020
12365
5666
19237
21572
28003
15807
3565
23632
27727
25354
547
29863
24732
31087
25430
26926
10987
21016
9427
27531
21400
15366
24939
21468
6298
27233
30839
22952
4779
5388
31769
22805
13738
1917
21700
30812
12349
4556
15870
16763
28346
4105
100
1066
17736
31699
3311
5135
1345
15398
23927
14133
475
10101
15989
22715
18440
27641
26125
21449
3482
21064
31820
27336
7083
3625
30894
16083
14396
4519
30947
23400
21276
5732
29906
10852
31244
20784
29663
25646
22560
986
10089
20530
17512
24902
3735
27025
9168
30656
1877
15382
8773
5520
28825
3437
1817
23503
16875
9871
10409
29561
15396
20865
17213
6339
6006
24382
14127
28846
21164
18930
29264
23772
1971
18280
2183
16802
26970
24518
16315
29280
20054
23672
4851
14349
28041
9066
28860
9750
12164
21114
14540
12649
14666
12077
15588
15820
5206
16032
18683
5492
6112
6594
30360
32467
30557
20929
20352
25777
6725
30914
913
17534
8472
8917
13806
22247
15267
29480
9564
9895
13440
2427
13292
2464
21980
25555
4571
12330
2940
2163
4022
16043
26114
3080
23489
9576
25453
18468
11930
10906
8416
21997
11034
23237
22948
8471
30076
21317
22383
9999
17857
6953
14311
13945
31058
32325
11106
17117
26600
7811
4336
8349
32681
12154
5019
15659
27796
4162
11501
10104
20254
14214
12467
31920
17949
9690
17921
3364
20454
21071
29046
19848
18098
17733
5313
26718
31815
21889
1892
946
14548
15232
11448
3848
8476
28426
11058
11667
18390
778
10468
4263
28244
29596
12615
22129
14436
6760
10295
16614
22388
15663
28223
22777
28921
27299
6679
21009
17425
6524
27499
16826
21094
15816
23262
32666
4182
18562
27471
16808
24658
17767
8283
18584
23940
2821
15907
12441
14773
12565
13903
14915
12909
16650
26195
8139
24924
21738
2800
19066
27640
6237
3326
31837
22120
24580
2922
16957
32161
19211
18043
16849
31951
8962
20569
14387
502
28136
9935
15505
21977
26249
6736
6949
6939
20235
9784
23655
2212
20931
7765
19585
9030
25677
21926
5891
15008
24795
8802
19160
11587
18893
25404
23161
14356
27522
27110
27744
21746
20590
28372
4032
27800
15213
29250
10611
24516
7255
11896
11571
11161
13013
32589
30478
11585
21363
25322
22804
18648
758
30672
12627
30597
23535
7197
7173
234
29328
4618
5639
25535
10943
19897
9101
12729
13417
20526
20245
25265
8729
13211
5273
25346
19913
19680
3337
24883
32760
1618
28152
7894
3324
22459
12694
18607
23706
32675
31454
6681
4052
25038
2576
20390
14594
12038
21858
11526
23076
14875
6642
6698
7543
7719
30976
7080
31814
6678
30042
10850
18435
17766
25879
11875
18838
556
11144
8457
27381
20568
20332
6761
7925
26169
16739
19951
31584
12868
26278
14917
14663
10769
15348
4214
3993
2726
9424
5716
7157
28152
15081
2071
19901
22959
12762
15686
1900
11050
8979
5339
27177
1219
22039
27810
32668
8276
22761
10210
13824
11002
31936
2367
25209
3608
2818
25567
15784
18847
18032
26572
3709
17293
3230
3481
30541
12468
11175
25929
6437
31421
16414
19564
349
18284
12104
20363
5488
1318
4488
15046
28939
8368
8474
7612
27235
18489
260
18091
12492
24475
28746
30936
14728
2526
15714
25138
28380
27645
3559
5170
21865
3309
20114
1029
7098
30428
24421
21997
18458
32183
20521
30693
30888
20206
16667
20356
27053
11899
15331
32547
13868
1313
6341
1602
1723
9201
17435
16680
8850
24851
30723
3018
5858
29123
15957
3054
26728
9626
20184
26256
833
26383
7605
25733
23808
9533
11819
19038
31998
2791
32133
26511
24305
9913
6729
8401
25536
26832
15283
31172
17558
6525
28001
25049
15414
11590
9040
18543
23182
6702
18951
15420
13966
4663
10002
6639
29242
18212
7602
3603
17662
7043
11219
28215
66
25835
13118
11596
16959
9091
25360
28494
19217
21187
21867
39
10253
14207
13675
12752
10580
20257
348
26041
21928
17462
15658
17771
20607
3116
10520
28268
26198
4697
20661
5474
13128
5184
1549
25724
6111
4880
7452
6414
28714
32366
31624
9339
16656
31860
20623
21592
20451
29434
2365
17870
22585
13844
21731
10304
21495
32731
19910
4910
2478
5489
6676
29530
21803
15679
6428
21289
24137
27265
28861
587
12810
16901
3871
24734
29158
23599
29858
20560
3427
26689
23060
4933
14822
5337
1831
6072
7369
25020
27938
30756
23469
16081
22998
12901
1810
7281
22228
23066
4901
20702
2269
19023
21208
30480
9114
6745
10552
10936
17805
23040
25852
17791
20552
22756
31321
398
4317
32025
3870
9556
19605
27925
3324
7299
1509
4300
11813
8796
3485
11801
14362
24877
13411
9312
22717
11032
12384
2930
22958
12309
2873
14768
7636
21818
11329
30068
7482
4411
21229
21932
21277
29229
5512
5576
21059
12431
14375
24791
29582
29578
28640
22508
21200
10872
26167
22471
3553
8100
4313
16817
31215
10320
12685
19368
17174
5629
4711
7100
10800
19686
21054
12985
21743
9166
21857
27142
25641
28923
11910
2253
17522
26755
5123
13404
27888
12230
13633
16332
107
19004
1133
7904
1188
17265
18544
47
9192
14925
2850
21126
11492
12697
14266
14728
17595
18879
32138
13719
32598
18385
19177
760
20988
3533
29808
29745
5154
26656
23657
19382
644
21608
11908
22725
30836
9598
972
23439
21362
10420
730
29848
13566
12379
20552
9056
5802
10121
25449
6211
25715
4889
4919
23966
4433
9202
28557
7219
23053
16013
14999
32463
10835
7089
5766
31018
22536
26241
15240
30222
10461
31673
18935
12475
22053
11829
3280
15755
740
13491
16488
1490
22568
9433
12634
15112
15260
8058
18372
1322
21594
4629
21171
28765
20993
12702
10203
24021
10759
4737
27532
31733
16209
485
5345
2487
10241
1069
571
26959
1424
7365
12781
17931
8988
17179
29497
20862
19971
10475
9084
23517
7344
13760
19365
19369
6069
23480
12779
14478
31002
10631
13248
11660
30197
15806
31744
22100
17979
32590
26991
7157
24278
16199
14690
29879
4600
10214
19132
27463
2478
7375
3356
8469
20664
28823
28757
20475
23960
4997
26655
3871
21481
8090
22540
24346
28658
26062
31677
16730
20603
24733
8021
24260
4831
12226
15406
414
30051
323
19915
26285
29638
2989
29454
10650
4634
32161
12203
20635
18898
1679
25053
15183
19739
23746
16472
30953
5232
25757
29822
18832
27240
23844
9429
20230
27091
13758
953
12424
8710
28984
13902
13814
21875
14862
10169
7732
1661
3046
7312
13520
18058
5726
6798
27365
31577
15623
30860
30527
3734
22705
10924
16831
15275
7658
7896
7681
28634
19649
15723
6461
28808
3536
25133
24427
15324
8313
24965
31659
22409
15983
28138
30691
488
22648
29083
8106
31050
4210
12432
27237
19852
5268
18096
20655
28652
16375
22084
4351
29978
9301
31404
10116
15763
24848
21328
32084
30762
27510
15066
4806
13031
11331
32419
10524
28181
5735
10858
12134
26007
6922
15436
30371
1147
7886
21744
28968
14034
21588
14339
326
3518
8193
12516
6951
27084
26882
12192
15865
8068
31629
12832
2126
19007
24682
19873
27587
16697
19891
27749
17376
25319
5336
5032
21568
10891
12773
17878
29170
17413
24584
21755
23582
4588
22350
14715
2028
23005
6061
16643
25505
2835
25927
10687
21772
21304
23021
32206
30496
30075
12258
17139
23266
6115
10722
21133
20358
31459
15459
28105
30164
20270
23579
25110
8913
7628
5570
20953
21916
30318
21273
30050
17558
22527
28971
26655
17861
1915
3027
22032
5755
18692
8830
7547
17970
12083
31282
14561
18619
29868
24784
1328
29592
5109
13718
14394
27302
4488
23271
7014
16383
11302
30031
24230
19230
26479
7106
6057
31556
9392
23844
16721
10523
15868
16143
20327
11161
22398
6608
10894
13352
23309
30130
10357
13828
20993
19840
21585
23780
4421
23109
7051
22236
27566
19542
12981
30082
24203
5522
18115
27216
27774
10473
20088
8777
6794
21275
4126
1247
17260
4290
12154
6677
13615
1427
22527
23521
19707
30945
22338
14036
1326
31586
15278
32252
10669
6710
19321
22026
9853
17189
26582
23472
9357
15913
12397
2381
26838
24620
31496
8140
10662
23314
29583
5833
20025
20218
30774
22518
19594
193
1525
18878
6504
22984
18745
27944
24268
5368
9945
4861
27754
15619
20811
27693
5766
24556
15896
31087
30473
7113
3981
7720
17620
26824
18099
23182
13652
17520
20866
28941
7255
8745
18770
31466
15902
17663
30098
12326
1971
26275
26300
26277
8573
20402
15752
3215
4113
17722
29281
8695
22347
28539
12565
30138
21406
7658
7376
10666
15784
3196
4171
16876
3081
3616
11841
17311
10102
16525
22051
9918
9481
11583
20748
8008
31451
31676
19191
414
25301
6428
27696
17964
24515
30920
9992
28747
6314
21122
3533
23654
32348
422
17657
14684
28489
27055
26026
12582
19864
1020
25682
1210
15223
31445
20400
7983
29103
30121
31743
25633
25723
31385
28269
15703
10906
2363
7374
11171
23203
21143
21906
24330
21145
12918
25588
6693
7615
19933
17525
25799
27821
31444
32137
20961
21412
21867
28816
23714
17183
9727
14087
8418
28330
31930
24576
29376
5623
9817
8655
6538
25647
24114
21511
12766
22918
24949
17829
31503
29458
18354
17290
5066
1245
17563
25391
27130
31289
14092
26004
25064
28755
10568
18041
30887
24331
9862
19409
26031
17411
2476
10612
32712
1014
10586
3348
26922
30284
1322
9842
18146
20203
22582
32721
1911
23119
13531
15019
31950
16349
3517
1188
19787
15988
20491
22716
57
5958
29445
24776
10604
6886
8379
2851
30756
3233
23575
10401
11573
20498
18461
9924
15461
5361
29810
14899
7446
29996
21275
3431
3621
14649
15240
18344
20753
13994
7889
56
8288
32002
20799
29134
25918
17607
3342
581
28776
21720
4721
29334
14920
20993
2263
19204
28257
11469
1389
22422
17902
8603
23268
18634
30150
32500
5748
19592
13187
9756
20001
13141
5603
31207
9277
30153
21615
12238
9262
11843
10842
14146
23665
23259
24747
11073
23007
31640
17311
550
26671
24804
1864
28613
15293
15932
24443
11703
26761
21804
20201
7667
19075
19579
29068
31646
17158
1955
17989
3621
28578
4739
15299
4744
15902
30040
1190
20217
445
1258
30436
1189
28097
771
31340
13266
6446
8997
19210
26154
28624
18300
4491
29526
13439
2578
6177
29647
30882
26178
7689
22001
11506
5743
3690
18770
12161
31222
7809
29777
31482
5984
5883
10226
23338
3805
19618
1513
19135
4334
3132
19700
24144
11617
32176
16238
24734
3714
17003
22562
1050
29840
21250
16733
19879
1390
24601
16967
7328
17563
14979
5746
29725
18276
1707
25524
26994
31064
16178
16946
23545
1277
19161
2750
23058
13505
10658
24419
22375
24627
32050
8765
6261
14707
28794
20110
30536
3815
17046
26639
25989
21808
30965
29828
20398
3421
31931
13203
17826
23390
10083
2262
3171
24763
681
19503
32028
12166
16295
29788
21859
27022
10558
20427
23739
24533
5559
16303
861
17988
7082
10579
24120
20382
3615
4526
9270
17843
1012
5945
4289
29142
28287
15869
20358
27024
883
16880
21880
5014
32264
25473
19224
30969
31574
25202
27636
13981
30210
6886
32622
8940
9501
30907
20159
31691
16969
13593
15420
12493
31518
4683
24535
7591
4556
2510
19688
18661
28929
8360
25902
31451
14093
22011
23824
16605
31812
24538
21801
12467
22691
10843
11524
71
27831
19694
29476
17825
29115
27117
5704
29461
5377
11380
15341
25531
8851
22642
24595
3104
17177
8448
8772
9019
20733
14578
25555
22435
2254
20908
7010
25855
6370
31800
422
7613
21568
8341
31599
15623
3260
32593
25826
5362
22628
29018
8713
27897
17947
23057
6287
9387
17796
32672
30404
28320
17954
15757
27623
14257
20925
17808
13733
3688
9735
25250
9949
7862
4479
29271
2982
5604
6038
2157
3731
716
8208
28837
822
1609
13742
721
14818
26604
6154
32047
16565
25329
9410
22773
13782
16241
23512
19757
3836
3033
857
29635
31280
2714
11837
17629
15315
10274
10895
23658
11746
3340
6862
15870
17529
8339
16018
2781
15254
3917
11890
24150
21024
10774
3878
17490
13864
12617
32745
32300
1646
24631
18465
2499
3367
19665
2114
7886
6141
28584
29168
5744
4440
26648
19300
28941
16092
20671
16912
28251
18739
14388
20614
27580
28940
4598
15254
31947
5475
13219
27318
29236
28419
12907
8104
17098
9546
13507
20822
2771
8237
3166
11777
5542
15227
11353
2202
9593
16230
20406
13680
28020
16959
25611
6668
29194
22401
3195
29785
17288
12305
20710
7433
18158
4036
19805
18739
255
15394
30169
3905
6036
18538
16940
13065
32053
25302
22071
32058
31466
1823
31326
8698
3151
14916
30777
31437
16871
13192
12172
6073
7602
5817
30586
27560
7682
9144
8181
6157
27274
32566
10105
7114
22456
30908
30970
26962
13381
29166
17947
10250
5386
19216
20896
9462
4885
30921
15910
13969
12284
10023
13585
6140
21617
3556
31175
32603
7447
23016
15644
29565
27028
20494
17676
9403
25064
3371
15536
19746
26109
1869
16491
23508
7038
13376
31333
28587
3565
31063
25402
25888
5360
18536
31475
31595
29932
3609
3637
21740
28117
21850
23480
22218
11333
17459
11771
11226
20683
21952
15670
28354
389
30074
28049
16222
14833
24503
15763
18274
19712
27509
30941
29249
19820
8531
792
23630
20556
17376
20268
15649
15846
11544
22194
20797
9412
9516
9645
1776
17162
5762
20084
29306
14854
17149
23027
19825
8201
24190
2067
1379
25717
12971
29815
7614
14872
12271
29545
26861
31672
4033
15124
23748
16111
27690
11507
1566
2362
28801
21385
24516
23372
1914
26707
4241
1704
10847
30203
21716
366
13724
27342
5878
11381
26241
12144
31581
16283
26180
5582
25487
20569
1605
13397
11419
9883
4502
354
11445
21454
22459
17145
13344
16442
21678
9913
5457
8850
6695
5647
30801
5577
24089
6827
32099
16680
21120
26416
29415
18078
10842
22576
8830
27479
28659
343
31087
11919
4198
6886
4169
17065
16481
25443
21962
7291
7720
18831
24832
3309
13533
29337
11950
6338
17662
28817
19953
693
30255
15647
16419
15304
22074
19573
4096
11737
18772
19586
25607
5238
20386
25705
4131
22514
17403
2097
27275
7864
30704
13502
26599
2272
20745
10240
17076
18944
19282
26986
12777
5445
1302
13990
29403
4034
14315
10375
10846
15623
17134
9279
24877
6646
10832
27858
8076
22994
12306
26826
27691
31129
27148
28717
12878
7572
31028
13996
21291
27948
17949
9757
26259
24831
26302
15659
28373
14131
4469
17996
992
522
16716
31476
14759
1207
28538
26377
17866
21105
1581
8342
10354
25541
28806
10179
23676
5680
27621
773
21211
18925
32360
27538
15671
4620
13998
7704
27610
10948
6369
9134
17101
10762
23795
9995
2622
7778
25127
10741
7717
4086
31700
12029
16680
6117
31590
11114
5819
477
7077
21875
2187
11244
12602
8881
6941
6291
17518
2771
30130
26397
30774
25236
8559
9774
25197
25322
17338
13471
14688
12416
22503
9353
31375
30567
11284
21664
28338
28425
9553
13251
12027
23134
3845
25297
3995
22626
31117
10429
4999
6342
27685
27877
19836
18661
28172
11167
21056
19707
10979
6421
8236
6545
13910
26196
8167
16700
13055
23711
8820
2695
24711
17161
111
8750
21775
16963
16019
15757
26062
15026
23424
16727
763
16580
10939
16523
2797
13189
24823
26532
22657
8557
13715
10257
4284
28540
15715
14308
29617
30346
25267
14798
13477
2776
7817
8523
7538
8682
22315
10010
297
2713
2017
25072
16891
27492
5628
22381
28250
31495
30487
6479
14683
10063
3229
17126
21087
7724
22668
27336
24562
27912
28536
23749
8691
10839
19410
12317
32502
23919
26218
3569
230
6298
14387
15352
1263
31082
2374
16243
8858
845
12586
11363
3642
2145
11347
29945
31368
5258
10984
19790
15754
3777
31946
30548
15545
1199
32465
2829
25698
21626
27993
3834
11853
10463
16381
29911
31645
31617
29346
20101
17911
4480
24504
20296
27622
9806
4028
27954
7294
14526
8705
14047
9792
11870
12977
12643
11582
16647
25102
21121
3200
27314
24830
27422
26277
17293
9927
5620
10701
1615
13335
32395
2743
11976
1863
5221
15143
26300
9696
32377
24459
13553
24415
25316
2013
8839
11573
22234
12235
19080
21522
2786
2582
1984
10851
1859
6968
13519
10266
3257
26441
12924
9133
28013
14115
10316
24673
29220
14533
13140
20936
8119
32501
30539
14472
28867
9258
17891
31839
22433
5288
20569
26468
7321
17389
5963
9872
27730
20812
3275
13180
10893
24536
7345
2924
23827
9603
3893
22413
17132
30087
31165
27259
27602
18949
12787
14086
25574
4332
30491
9270
18337
16413
17828
25229
21516
29901
2300
9867
18228
8746
8105
27768
9432
4929
26006
10589
13158
17439
14506
3412
17702
22070
11167
15105
8628
9219
23314
6241
9139
14318
6358
7362
24256
10866
24974
16403
24997
11133
20603
28510
26831
15130
1426
10899
5379
21837
12754
12167
31308
5438
15828
22076
6968
5018
16036
611
9283
1079
11471
19999
31636
22263
4541
21004
30951
24558
8001
11904
22987
19143
25967
14865
17933
23907
6830
31063
30836
19908
10766
17395
24494
12074
31707
15055
19339
14971
11378
29608
31337
30184
9555
32202
6896
32718
19576
9243
5631
218
15845
4187
13541
2417
17281
13226
30677
24143
32548
6219
12436
30830
31473
167
13685
15401
5094
30613
16519
11169
29361
13784
20237
6240
1733
233
5422
6204
14254
26360
23022
16766
16545
31789
20317
29252
27224
32051
15118
10020
5917
31479
715
9490
21796
29613
29063
31364
27421
32021
18580
7124
4874
25596
28951
7909
22350
25861
25016
23049
17927
25257
3230
27170
28318
15485
27034
25608
23965
11187
28834
13611
2752
18660
6274
30586
27982
7949
11726
15491
10921
28631
5659
5083
4900
3355
21358
20672
24854
27557
23541
21245
28205
21304
6645
22286
21252
20435
10244
4485
9463
18483
7544
6572
17974
23961
32543
26476
31768
30925
10289
26733
16306
10339
16258
28799
31913
13373
3324
2361
12868
2641
17229
25823
10949
26796
4573
30857
15610
26807
4867
386
19471
20410
27256
31215
31142
18590
10252
16561
15913
27383
17047
30860
23391
13122
16179
25224
23870
20586
22696
14231
7425
27282
15144
17785
31354
18190
10301
21213
16296
28082
5887
3785
25228
13136
9354
3899
6457
19836
26799
8977
29739
21394
746
31526
29401
20731
29588
28350
18061
19627
5466
24356
14196
27118
19182
32401
24561
1637
13564
32336
12855
31051
1120
26656
31767
22525
15510
9946
23830
25530
31346
595
25283
1191
4881
4740
16200
30230
7951
28136
20030
2055
17914
5926
23494
6639
24071
28144
25045
12985
13316
10027
12239
23051
3982
4176
12376
5834
18308
8722
16743
14048
31420
9793
21147
17469
16628
29934
15827
19227
26635
3280
3577
21895
4465
2790
10270
16413
17372
17758
2764
19475
17724
3510
6039
4729
20722
24097
6902
15550
32316
30252
1617
9847
27380
10913
4187
19548
32379
27819
12194
11411
22768
19516
9061
31794
17061
31148
32421
22015
12243
2723
27006
18042
11404
1592
3256
22813
17650
31834
23450
2786
15783
11375
12286
17926
12420
32572
27819
19212
24974
22533
6622
11014
24613
245
12330
14096
18559
14016
1410
2333
14677
6022
4245
2550
20956
30971
30298
6271
19447
27077
5611
13884
1707
25125
1686
23829
5331
26586
15409
25174
9237
10562
17839
2810
20500
21443
23025
13609
13799
10601
9950
15103
23499
6608
5814
29327
16660
25157
32675
28456
10858
31016
29074
26583
32305
18580
5696
26412
17737
31811
22424
10305
9208
26283
16444
17657
24356
16749
19042
6534
16838
19696
4321
302
30363
4937
5771
20558
10781
21087
6078
12191
2225
20812
6710
15544
27938
9478
12069
5076
21326
10302
7046
9942
25375
10888
23214
1418
10173
6845
12068
31534
18178
12445
13746
9521
19759
22969
11964
26426
24797
28049
29137
24684
29494
27897
16256
17897
16484
20673
25965
18068
13386
11156
26788
23580
1906
8993
10796
11574
10311
1145
14816
25897
17541
30648
19322
9360
1773
5864
497
28507
23869
27682
1285
15384
23135
6902
5399
2161
2273
14606
4415
5877
16805
6669
9113
14875
23258
4797
2015
20611
17194
30570
8253
22144
23861
22921
19552
12500
12095
18590
14033
5306
15141
6748
3201
12586
4758
32269
21157
32088
31615
24372
20163
20606
14535
23409
13581
9947
19261
20390
4335
14331
16079
16472
7140
16954
22524
8536
30349
12164
13708
16546
30724
30558
14974
22661
1902
25130
21570
3332
13263
4518
28968
22653
32291
29367
15129
11144
2474
31845
27269
17442
9859
24614
17820
11
27260
3935
8129
11884
19497
14888
27963
9405
29747
11088
16174
6886
14579
9632
15306
4772
30783
9828
26307
20015
17284
12584
19969
6682
4629
2240
28312
28282
28099
31115
26106
11082
19886
6392
17260
29710
4955
7752
3510
28343
24070
14486
20767
27079
10297
1557
18840
11701
25501
4250
32056
32147
1809
29530
23272
2798
17145
3572
12640
24822
20440
26802
4690
2782
2850
11787
30180
31110
22091
23917
12900
27736
27684
6970
7223
24944
8295
16913
25107
20735
15760
6478
31087
14321
29935
21716
12087
13773
5372
16906
12483
16861
31210
17955
8458
15248
27775
4515
3603
23068
25378
11550
23213
16231
22838
17219
28768
12840
12454
19482
19875
17225
20929
32138
17487
25233
32073
9502
31828
9855
1222
20233
3755
19321
23840
24167
19596
11814
16237
31429
1760
17688
19464
30436
27129
23982
25571
5306
16769
8248
11294
19130
14512
8029
28632
28245
27330
30394
21573
26561
22441
15564
4864
21241
4351
19472
11939
12805
13118
10088
21910
5243
32563
32193
26404
22598
10160
4339
20180
26534
10114
1000
10742
6264
13218
21505
27516
4280
7600
437
29195
21572
15004
11388
17490
24546
8615
9707
26523
30085
22410
16416
1183
32204
14836
23392
20127
8908
16186
30463
24752
2063
24138
18816
1367
17372
13026
9214
7253
32185
12799
9419
4804
22063
663
32086
8547
31693
20106
20306
17711
4464
8151
25876
9779
18881
7691
18749
24736
23550
16384
410
25632
13822
17859
29000
23912
3951
3798
9756
24076
16995
8344
5441
13976
3339
28929
2851
14044
8385
18834
21132
18567
8780
22156
22285
6136
32608
13921
18080
16208
15717
7528
30347
10188
9593
25044
3976
5458
29112
999
17698
4169
24507
1635
7266
8622
19550
11074
1451
5476
15559
26790
19939
14028
30884
10771
10963
15254
6579
12764
26321
20695
13448
11995
28572
32347
32395
23141
19591
21564
5440
12925
16346
5811
19147
9288
6005
23599
7091
15042
28854
20900
12774
9646
29597
6438
6397
11475
18734
30390
1986
25445
20759
16220
25327
12226
23187
15990
23865
31583
25742
1359
22669
7937
10506
22771
27802
24368
30657
12866
13967
3304
9228
1092
22054
7827
2563
15548
15329
21812
28390
13056
11411
16869
16572
30983
7715
16259
31033
17092
20877
13480
10213
22450
20009
12761
26491
17073
8752
16385
17039
13328
3196
29470
19316
18923
29583
5435
27485
12983
19927
32158
11458
24091
24369
26690
1286
12289
28587
24968
24918
27118
24462
6697
31444
16014
15516
14191
13813
17300
15510
29605
4391
13761
16641
8908
26296
17217
18474
28559
1523
20542
28520
25721
26508
27056
27297
5478
318
23154
5391
32055
31922
5787
32580
25546
21923
28939
7788
24618
9024
20292
211
19202
4305
20348
11175
13656
18846
5360
1534
14199
23564
11898
29978
11309
22538
19302
3564
11319
11435
12930
32728
24058
2324
12148
7352
28020
17561
27216
8739
16497
4643
23914
10223
15106
725
23913
22516
10283
7151
26525
21267
6876
1010
10899
26488
23330
2821
31974
31771
13215
4759
13911
21901
13112
6214
7968
6129
14093
26623
27014
10824
20654
14695
27054
24307
23692
15482
32689
1394
23725
22898
26610
18802
27556
10219
26032
775
23489
24900
31703
23606
22149
21064
10268
28598
4184
4110
21576
17655
25726
29725
29140
19812
27976
9172
29623
18150
27783
9994
6780
10153
6214
20977
18071
30498
8121
1600
17657
14417
31856
3985
18914
18755
25552
7943
3575
23516
27844
10805
16788
27603
15792
12603
19043
22014
22183
12338
32558
29904
19421
16331
22001
26144
1119
10546
14388
24107
20737
28985
29079
11229
28568
7858
27823
21068
20074
16412
12816
23430
9187
29827
23979
18572
11914
31649
32347
17054
12595
4425
5050
29113
32629
6150
7737
7263
11870
22271
30064
29846
15718
20253
22706
13875
19362
27504
28133
31320
11578
4303
8848
25660
29981
20671
9014
2858
18163
17303
23779
17869
1364
19937
15620
15018
12343
21762
9083
23022
1965
10014
15091
9322
18127
6710
11121
25564
2804
9875
23340
14448
15144
104
12703
8070
986
29875
4316
22454
15061
3428
31011
17937
16242
16577
2739
16554
11019
12297
23008
25174
26034
14679
18790
19375
29475
24778
24317
30047
3064
21731
17966
30619
22300
4654
30052
27373
22402
27173
10566
17975
25111
29009
10820
24053
12277
6322
4208
26818
24793
30305
31120
11550
471
372
25969
15470
27724
17698
11390
24388
4373
20264
17552
5857
1022
23914
18440
22520
23421
3806
29468
25269
14497
7078
2926
23550
2885
22652
26083
3065
26249
2387
32434
26062
31107
18235
22459
15534
49
32134
4379
18964
16562
16937
28669
26954
26806
3429
18354
11312
24372
5286
30981
11577
24155
19627
31688
17078
27082
22247
9907
30551
29955
24103
10607
27630
19997
9846
27885
1655
8378
21565
19964
4694
9529
11951
26139
13791
20525
24932
22155
24859
5645
324
18857
6601
5933
22695
7803
18596
18412
16059
29321
27620
26927
32293
32238
21255
25871
3819
30126
18385
25551
10129
26698
18578
11537
27010
18578
14247
10569
11442
6843
9283
6001
11906
30641
4208
19199
10212
23214
22608
1556
3775
27916
7849
17398
1685
17496
25248
1984
17507
18087
8901
856
27080
10541
12624
10914
7018
15627
7594
1779
22166
32361
22320
24265
18982
6597
27955
1465
13992
23434
4163
26792
6588
15845
14509
10814
10430
2260
5698
25496
24229
14464
11610
23869
8491
7628
17689
21588
16687
27950
2801
8212
23127
12222
3944
19323
22009
19084
28
30531
5436
4151
17156
6162
1658
4283
22264
25841
10729
7051
7540
2559
18811
10208
29081
29542
26626
5968
12404
17551
11160
1698
5763
20370
18238
8417
5749
8433
10179
10415
3378
29573
26600
11228
30491
8376
20417
5431
2707
24821
25438
4260
23486
28765
17579
30063
28040
27580
27797
10976
21482
31163
32622
15120
19305
5207
16531
2042
27103
1681
26956
22229
19581
29287
26355
9634
26385
29444
17497
32513
22661
12084
16997
16456
26792
28698
25598
1494
4914
4133
28971
12709
17410
22080
13689
16415
10409
4425
32158
24371
15148
1989
6235
31655
27142
4050
24231
14512
365
25436
1801
1472
14806
1172
18502
18079
4027
18078
3900
16829
18588
20106
19470
18631
18756
8326
6785
20344
8525
3410
18854
25778
28646
5108
1722
16845
1492
2988
12106
25647
26807
10794
3738
25884
7055
14847
2632
976
20606
5458
557
5579
26576
14548
26500
20845
24632
758
20302
9922
7260
29529
1013
6815
8596
32389
23087
22510
13295
18911
19749
27462
29560
25557
9685
23743
24247
19548
12724
7172
24186
24988
19608
29353
16085
1257
16854
28863
14695
3062
18599
1958
29919
21061
8145
18211
7615
32482
3203
28850
31840
21073
16512
21790
11318
4293
27519
12366
22614
23699
31698
30562
8501
5349
21063
19711
4019
3251
27980
4070
14680
11759
20310
14284
31197
23808
9347
29798
26094
12402
27518
17091
23342
20716
9635
27870
20860
5474
21091
10100
20853
12171
14826
16915
13369
31894
19200
7540
4210
19993
4141
23562
30867
16202
33
219
28254
27249
11602
28815
12201
4765
6375
2246
16481
5526
11477
16815
21967
14868
8520
3543
1818
11822
20804
27710
26382
18965
17036
24752
27419
27394
25795
18002
17313
31341
19409
12412
2411
30080
27016
19910
25721
2251
2696
358
4098
5177
6751
9913
24505
11075
29429
13087
10832
25955
15144
10764
15674
4812
6323
5980
15798
10584
14676
999
6921
32194
30510
6230
30218
7445
7276
25141
8676
23140
2599
28489
8728
25788
18057
13091
18881
31063
13875
27381
24604
1554
1245
29605
28231
20513
316
17952
6729
29442
28713
3569
13139
19375
6911
3602
21318
9240
7493
18433
14708
13008
13709
6423
17067
17159
7579
16918
8816
6328
11722
3329
16776
25891
20396
1328
26045
24446
1009
30115
1758
21992
32650
8599
29960
19102
9230
27479
13348
29041
22364
23893
12465
8568
32386
18809
12740
3842
8157
29369
11340
25038
28802
29930
23451
31615
20701
24277
17186
586
31896
12942
32124
1010
29118
16385
31919
17654
21281
3534
8110
4105
18937
17495
16674
6594
10957
20246
9065
19605
24983
10293
24031
4354
26915
600
12125
26124
20920
17598
23040
24045
6906
3464
27692
21256
25871
11864
6864
26911
15617
22302
4331
11974
2147
25391
22607
29463
21560
31896
16293
9128
2832
2481
25009
18106
22132
6389
12759
26035
12164
16144
12766
31695
25311
6970
13557
15634
3011
30148
21491
18817
19062
11504
30435
8337
14820
25606
6080
26848
26761
10404
8829
24611
22673
598
5704
1887
19262
8294
19472
24413
23435
6646
1605
18776
11279
29771
11743
24568
11299
25452
24737
23684
14407
30956
13471
23635
6594
13572
21758
6787
10633
11749
23547
29166
6754
16715
3630
15194
11849
1110
23312
23536
23315
26006
18108
6128
8785
13668
8434
32162
8311
2169
11617
31888
5950
10425
8486
31986
30534
2128
6544
2922
11520
27392
28710
27889
13515
14777
4075
12049
14941
13419
12256
2134
18277
30232
5835
7423
17774
32557
19511
31736
22279
14866
23228
26637
19489
11776
1920
16728
13752
21523
8958
8955
23734
17056
22278
2325
8212
8904
5637
4846
32322
9293
3975
13685
19913
25509
19962
29165
26927
30285
25013
25827
21018
4448
15673
16739
4025
32360
9910
3179
19552
21108
25297
11424
30322
7019
31908
8768
26756
30623
20230
31576
23743
19365
13069
22583
12166
2661
30674
5154
13657
17261
1908
26185
10234
27531
23904
3834
28366
5018
12751
25877
18053
412
32400
22464
3070
24585
16647
14427
11876
30567
7542
24759
3230
9755
18299
2434
16870
2687
21466
25862
9655
4916
22397
21012
749
27066
30649
15162
18984
27453
20435
30268
17265
9138
20419
14274
800
32547
30775
28495
9724
9543
6107
8050
6309
13142
28120
1600
28207
18459
21914
10753
2576
5707
24535
7722
8508
28949
31949
5260
22158
1786
7115
3786
30314
16095
25586
17424
5537
27489
27197
3842
6036
18536
2239
30707
24477
30463
15148
12120
12714
27491
9371
3196
1579
345
8842
25717
21807
10949
4387
19798
7369
27769
9406
8614
9913
7499
31910
22545
20808
7018
21280
862
24436
27634
28329
3745
5197
30909
14464
2482
7583
24701
7268
6621
4561
3335
5535
25307
1293
1010
3395
31745
31138
9569
28084
17848
12198
19741
3942
13101
6111
2535
25320
23626
28132
24332
31778
27620
15743
17465
25307
15926
22358
22417
19582
17294
30922
30205
8989
31558
11040
11715
32182
6902
7646
16219
28085
13800
120
8318
17851
30924
7980
13695
15774
19885
18219
13534
6065
31780
13817
26907
11077
6604
6166
17608
30831
24309
23262
31970
10508
13213
21934
7521
8963
2204
3656
19470
4042
20766
7289
11669
32044
12374
28921
8411
31561
12145
914
17553
23518
4041
11396
31498
30406
3420
11561
24649
6081
9596
11221
26207
31093
13768
9984
3060
29106
1882
9127
24867
13050
6722
6895
20107
18241
17715
27404
21154
10225
32125
20321
10573
5937
23355
9192
4526
7783
11726
30677
9789
22011
13450
13174
31515
23135
20398
21854
30371
4684
15770
2754
6209
10830
14396
10019
8583
27010
1740
16173
21885
17310
22457
27360
16953
19507
30435
29421
18608
28463
13322
28003
22220
4774
3462
3466
1983
1490
29497
11023
7830
24920
13763
17506
3857
15564
30196
93
2226
23928
10375
29478
14356
16985
525
10838
12926
12651
24359
17499
16312
10791
31992
5915
30237
24905
5594
10713
23794
10710
13904
1629
2294
28510
24125
9551
26426
9598
16979
31205
10803
20650
16845
24766
3342
3113
25697
30221
24899
12641
29808
5881
6765
1109
2433
4676
19545
2412
5869
19499
20317
26740
21211
22926
32491
230
2415
22097
18021
4972
12351
31490
28723
9376
19975
13756
27412
32023
2717
19019
31153
27294
31527
15760
120
9923
32395
4135
26023
1688
15911
3144
14247
22451
9923
10987
3484
3705
28099
21552
22074
10653
30369
32509
2266
28387
11419
29673
27853
25898
9385
14169
27376
12201
7090
24296
7552
11897
9471
22029
4656
2131
7408
22008
29305
412
13294
5308
1586
17566
9632
28595
17504
32537
28770
5406
26191
30970
8435
28941
12514
