19689
6120
26051
12377
12820
20128
309
18553
11928
32167
11426
10731
14167
21358
30090
8639
17520
2463
2234
23587
31148
31736
15820
20950
11801
8538
31725
10720
5876
6941
23523
25473
6604
20135
11086
23655
2533
15677
13613
1827
21723
3608
29605
26078
25223
32444
3838
7496
11302
11653
19951
13266
20152
29315
23323
20765
7335
14984
987
4530
29353
6270
21566
17139
21479
254
13390
6994
4447
25631
27285
17088
135
6540
10208
16232
1331
21210
67
6814
29368
2072
30045
21010
2130
4775
30173
26954
3267
27212
30277
12111
19773
14467
1775
3238
898
13846
2893
28033
26442
1775
30324
7223
28389
2090
12508
8178
801
17519
2913
29607
10862
639
25486
10572
28480
8716
23835
19781
1461
15054
21684
7711
29816
12755
28669
27776
17637
14615
28370
14174
32366
27988
8659
22640
28989
1563
10784
21730
5146
19492
26209
9805
31120
18915
12554
4070
8267
27227
21469
21494
8901
31287
21680
23946
2594
16151
32624
12907
18520
6440
20838
16720
7570
25335
10681
24659
27863
903
25396
4002
17382
26273
15178
21623
6757
20331
10839
16458
3131
14652
4393
30789
4923
15023
24511
20728
1026
7926
6480
21070
21026
10609
22928
14271
24448
14207
16174
16584
23290
13461
24481
26008
29261
5261
10276
17421
23350
18496
20479
22750
30680
24662
16393
22810
6750
21085
4971
16337
11233
5145
5542
25616
14988
283
25048
11027
13054
16021
1851
10935
18671
4461
22254
20526
21271
23184
16120
24310
7755
11657
22154
23564
31722
13650
32644
14685
3959
23402
16699
21885
8071
25895
16505
9115
28126
31566
30918
4021
23253
20449
6886
29448
22527
22072
13475
11467
28171
16723
1485
13084
23020
15471
9854
12347
1336
4567
25250
32758
24014
13309
28343
8548
20668
23753
22994
28886
27744
14129
24803
15883
28109
18186
1849
4771
15727
798
6217
15574
7923
21886
30379
29286
6241
30234
23653
8146
21643
21390
28780
14285
1195
32319
21864
5870
1352
18855
5560
20393
19033
6125
4278
29310
22189
953
19772
9840
17034
23622
21863
9657
5525
10169
32666
29372
30705
8113
18630
22843
32427
23583
9193
4042
5974
8280
25301
3460
22258
32360
7219
26620
12307
17577
12999
19831
21567
27029
25078
28504
17559
27097
29573
28891
21945
19626
675
11782
10982
16988
28714
28381
27744
4401
27682
23254
15638
17519
14471
16524
13187
20917
2379
1463
22996
10382
9631
21340
31049
24647
11887
21057
13533
30718
11819
2980
14121
23804
21965
16940
30598
11077
2840
22304
23154
23660
11293
4055
12597
22700
11268
20336
23748
7733
27913
6339
6117
29380
31685
27798
11412
21366
4015
22549
6309
5854
29922
18300
26028
30037
17185
28951
14362
27537
1560
27756
22952
11130
15076
18871
17145
3896
18134
15766
26746
17041
19316
13574
20110
5746
31681
25998
10472
13003
22207
11706
2359
6816
27441
22987
24841
13918
2213
8365
23273
22635
434
27945
20171
28672
25471
18268
21931
24123
18052
29288
16496
8560
7317
4713
30230
19137
8220
28331
32012
29166
18598
9242
13275
7022
26785
23545
32009
17598
22627
23255
25149
2809
21103
31679
29347
8105
25844
27568
24722
32732
7319
14668
8813
8571
19570
3284
6855
2776
5981
7252
3018
2182
7788
12315
23001
30061
30905
19310
24948
18717
22627
19838
25692
24675
214
7831
20984
13338
29261
15769
28408
29252
28310
16812
8248
11610
15125
9264
23783
5600
17420
26355
3048
29243
1306
27303
20600
18631
23297
2451
2578
28709
8876
19080
2959
31186
18800
16407
19858
11006
12946
26625
8227
30619
5641
7919
8090
13236
15494
31843
28863
28416
15538
10991
2095
11959
7606
4261
258
31140
769
23502
18090
27260
17733
18399
5662
15470
7363
11944
6713
1531
16585
14799
10076
5640
8313
18557
23131
10033
6347
23895
7831
23905
19414
10416
24423
16799
32075
764
26813
12331
6210
27528
15110
27850
16953
24425
22097
20830
8025
7347
16564
19129
11260
9707
19435
6067
20333
6590
24131
32378
3054
13042
17079
27690
28672
1182
17496
12958
11486
18070
6386
22661
30283
17962
24300
12216
3981
20240
12912
9675
10682
8350
7628
737
30514
17212
26904
2757
6253
21018
3353
13367
17911
3358
19814
27268
23480
18209
15817
3418
10617
1114
14056
8921
11428
23834
32293
28653
5963
30906
9410
27356
18540
13522
25161
15387
6516
19628
28203
16742
9473
5369
7335
18191
27372
8130
17133
27543
30087
23713
9860
24955
25635
2352
31721
848
32470
1474
14457
28178
14203
25169
15248
5562
15353
14264
4851
2062
32201
8482
24171
20925
21170
27075
5811
14763
4823
17094
15252
18058
22516
5510
11599
17066
16869
17920
13627
12818
25704
31113
431
28367
16931
13756
6434
24460
30953
27575
2193
31843
825
17287
20770
5619
13063
15328
22790
4787
18879
29201
25507
5765
20872
9784
21747
18575
7110
20402
17447
11078
2274
21974
8593
15051
32077
16611
29632
17787
10178
30518
28653
12994
31948
23233
29078
11311
2953
23224
5480
23758
4013
19853
31586
15026
25801
10015
29752
3793
16078
24367
7669
12053
19405
7187
13285
7855
8960
30126
5554
2223
9486
25759
18893
18641
12683
12729
32527
30362
21950
31155
20897
9892
22696
6433
22297
22071
18497
5283
13797
13592
27653
20829
19437
16806
16559
12711
10356
27426
24901
27141
23871
11855
340
8793
27386
24635
23677
14167
19671
7004
16176
12346
26488
734
3256
15541
24335
20540
26232
20269
6340
24334
22644
10021
27479
11042
12051
24570
17158
29901
23075
22480
15537
32643
285
716
31804
7846
11434
32388
16949
1180
10599
31155
1206
2084
2021
17458
3981
21482
24053
6947
28571
13401
11554
1391
11642
30640
4734
21620
7011
5208
9122
7415
14926
2421
7408
15456
31322
11707
17691
15910
23152
24706
10730
13704
11043
20765
6712
24446
30939
20584
320
8431
24883
24737
1815
13604
22431
30585
6778
8317
7506
9834
18378
15202
28767
7498
341
27005
13854
15137
15575
20774
9425
8504
2625
10015
12423
31858
1976
25218
16193
30943
22241
27895
26708
5007
30556
9002
17166
16036
10894
14717
2204
2987
17572
22778
3371
20525
3796
2187
21582
30848
7910
13933
17568
31971
18420
30178
16042
11467
2158
17702
6919
17527
6496
28581
21445
202
760
24683
23823
9562
23107
30940
28937
10437
3127
16293
21244
31556
23030
31730
19891
7042
27217
4322
28965
28078
5259
11575
21332
2254
18528
9043
22644
28247
14150
32096
18000
24571
8947
8654
9962
18371
29983
7170
15969
26205
1163
23884
6168
15287
11074
2586
28437
24013
4639
10092
30119
12735
21903
15496
16460
15142
26520
15599
22481
30120
21275
20111
14011
27850
17494
16442
13798
1542
31404
17495
11372
12574
1961
17368
18120
29359
32577
23916
22844
32009
32088
25845
12656
19262
9352
30524
11099
29305
31262
30179
3430
7569
17253
32668
28623
26334
18472
14489
13132
1100
7794
30532
19186
31149
25496
10543
23892
17748
1657
1102
239
15071
1797
22628
6086
84
20220
5307
3657
24944
2040
22040
379
27963
4782
4334
4180
4576
881
11218
23652
10940
18424
7727
32186
13493
23136
26427
28164
7373
9588
28969
12024
23798
32301
13473
12274
23337
22133
12397
14046
16050
3376
2421
20568
12238
32637
26349
2834
13687
16185
24269
630
9599
4806
1665
31885
23260
8714
31714
7968
9795
29882
31334
29
11512
9688
20627
5435
10724
28794
18874
18145
17640
31182
24545
10821
29809
31835
18945
9937
7500
14473
14962
2762
25788
20068
24995
21299
26826
25757
2318
10991
21213
16593
23147
25895
30858
13582
10020
30443
32429
1684
17418
13340
12985
12760
19782
21385
3660
12239
26258
32344
6407
8296
19369
28328
7324
32347
17659
24948
24360
16417
21670
24506
22468
2627
12194
8925
4438
22232
22331
6217
12206
13897
26309
18517
19150
3416
27019
9325
5256
29793
19720
112
31823
7135
17242
15191
17735
23089
10739
23320
17054
18079
18578
8137
11807
1432
31857
21001
19716
10813
9152
20636
22284
20772
23891
8533
21454
22613
28824
2361
25165
22681
29131
28641
7884
17397
30317
4640
6884
19825
28146
18406
7123
32285
29370
24932
4887
6998
10050
24433
1340
16966
29596
2861
21234
23722
14108
12516
6242
21208
16981
565
5826
7936
11587
25459
23591
9650
24010
10315
7579
30624
21087
935
30576
24742
1286
11987
2004
26631
31356
3038
6053
9722
20917
18244
17798
4709
26505
15561
26418
12520
25258
9128
5392
15901
15321
17901
5128
16926
5721
18208
4502
11336
31908
15907
26140
23615
21854
9821
20861
15410
9351
27673
26087
20577
27892
6184
5360
24540
17920
24270
4837
6797
31103
5596
1118
24696
15859
22041
10774
3650
24835
19430
32506
29424
30248
31522
31872
21234
23978
31308
31034
7264
14283
26855
21931
12419
6209
9507
27481
26263
3562
1209
29219
11215
21180
5399
20437
25754
14331
9917
1530
29477
8878
10215
12786
1825
11347
4716
21316
6854
15314
28902
19509
16664
10928
16147
20633
10601
19077
10619
14057
31775
24240
28755
24470
29879
24137
29090
9885
23818
4695
7842
4956
19919
25667
24681
15011
22626
28813
12232
1807
32196
12734
25716
23443
5858
22430
32611
17496
4634
7846
29817
10695
10747
15288
14180
14820
31052
12302
4037
31709
4176
6513
30864
16866
28489
21163
3765
27960
2619
30782
21248
14473
14834
9558
17213
31871
15942
31997
3745
8849
13726
21390
26981
14876
11699
3180
17332
25525
12695
32755
26567
1726
30965
32175
17231
1335
7322
16076
24595
25047
29748
23758
20442
3163
346
8323
3979
18463
3021
15669
9619
24811
21246
19491
32647
8719
30928
7219
21258
17330
2462
10721
1522
16999
17792
21371
24998
21761
3786
7568
5578
29865
8662
7078
19999
11053
31236
20779
24484
7067
2046
7854
20738
30991
7489
3919
16934
24521
12505
6772
30512
17538
24939
11710
2700
28160
22649
4924
2654
11497
29410
2014
1316
17877
21160
5676
18839
16806
15862
2359
24017
6172
28514
3024
29109
26788
15215
18425
20620
13681
12118
6809
5612
21710
3334
12148
10718
3251
18537
6489
18495
3222
27113
15005
5991
14723
31283
4553
4617
111
23354
16016
18522
8906
12927
21252
15478
12627
18577
17673
24063
10544
463
5129
26887
26430
21621
30441
11312
26022
24535
9788
31249
30641
2279
5815
18908
30685
16381
14309
19262
7216
21464
2844
29063
25804
30176
9904
14859
22724
21421
31078
12744
1326
27085
25132
32329
29305
29634
28679
28106
1025
7499
24140
21148
30177
22757
8467
11723
27912
32656
5609
27903
19856
7638
11461
16288
19275
4618
7486
18237
26782
24526
31738
10031
22418
23767
17514
14201
28968
6901
10932
24307
14061
13133
18929
22696
4815
22249
665
26748
18735
18548
7483
17170
20791
9022
1394
11500
1902
4999
12564
5332
28297
25593
1964
11643
29317
1142
24107
19041
25074
28180
23258
1012
4498
2150
21907
26364
24098
29694
2097
13110
120
24111
9029
27967
26574
16920
6923
18356
3678
15069
16540
10136
31791
19256
31588
18422
27694
15921
14039
16583
18304
1321
22624
29973
27415
14109
20890
11361
27523
5417
8899
23363
19211
14411
24942
24400
22013
19562
6007
12864
6466
31895
3644
22609
10037
29842
23050
3558
7862
7056
14806
30836
10361
27707
7982
24222
24228
3579
29295
11167
21146
4980
26423
16873
9489
592
29981
24843
25707
2110
18592
8920
9539
314
16478
21446
2374
13072
19079
10900
10308
25115
13968
9008
3974
9043
20268
215
19299
3975
20600
15230
12046
15334
3701
23665
20146
7108
24508
3642
24513
12187
8301
25540
29577
9552
24937
6848
16392
19896
6081
23880
27393
2907
24686
18114
2895
7800
11330
12296
21626
29257
26654
1734
8328
20359
30054
13347
19477
6193
1714
22179
6310
28810
13510
21323
2363
31073
24517
519
27939
32660
12449
31050
3348
17623
20182
15604
11899
17842
7768
21624
24849
8393
6601
3134
19119
864
7408
26182
25955
16158
13159
32271
25539
27921
16275
25527
12161
16883
3545
12899
13888
30636
10255
26081
30886
28695
32049
13196
4019
29961
12630
27248
7249
14736
10722
7855
21804
120
10748
9252
9923
3092
4931
7237
6592
15163
7868
6990
29572
30608
8719
10396
17671
22790
13556
7766
23519
8868
19176
11347
18846
31878
5412
568
30049
3877
16591
25825
27558
25560
25971
13059
24670
11930
14254
7439
5956
25869
21546
5209
9836
18111
14030
13689
18207
15020
12854
12785
10470
9733
31585
32017
31461
8240
7594
16408
8042
10256
27386
22940
15814
16006
15419
27692
9820
2616
5648
16435
15607
26769
1475
32031
23905
4105
19071
32195
28209
10150
7871
17402
5604
30658
13830
20366
17967
6160
17105
23640
4500
16090
6345
19368
32564
5516
16190
15591
20708
13942
2001
6522
28546
14286
32112
6122
29066
26612
16264
31298
28644
7930
7541
3001
7424
18788
1598
8593
21029
4140
8319
9023
1798
16906
7846
24012
26519
25074
9058
9851
31774
32477
19033
4268
6029
14540
10522
15104
15
5898
23634
30654
1505
5042
30018
21622
31843
114
23408
17636
18799
10382
30365
29974
32489
21544
13560
1745
12951
4286
16785
15922
2099
25332
32528
24977
8639
17812
6823
20650
27161
6611
19269
5887
28111
27862
4365
32120
13876
13940
2310
24397
23220
30014
10516
17957
15460
19388
30759
4480
8157
762
5810
11602
6475
5699
11103
7152
32449
11309
2049
22320
21712
8406
6857
19660
26967
1388
32702
31240
4252
14579
18023
27285
14492
32322
16330
7860
18080
13135
26779
7327
29457
3501
17325
12580
6029
83
14508
9107
9018
11935
19214
24794
10587
4251
15687
25071
15905
11390
29756
20846
5571
2422
12027
13444
6609
16292
26281
6923
26821
18792
27323
6902
29659
31200
3434
6896
12066
15531
29792
12352
2003
755
25016
5104
5346
426
2341
29486
13780
9491
17777
7922
5072
23941
16938
24289
14584
10604
28056
27506
12794
144
18161
21327
28129
1178
23760
20478
20530
6868
4068
19904
10548
21296
28133
10937
2191
16524
14541
29010
7704
9780
28228
4572
7404
7848
25436
24438
21692
8096
18558
21552
30055
32590
10661
24688
12494
24291
16073
18837
12004
7764
8351
23515
2052
15710
13695
29566
14728
19912
27301
8483
18583
23272
3485
28019
1854
27240
23033
9
12226
31306
3909
11662
18997
8234
9021
12578
4168
11715
25661
5374
17248
32437
8184
3672
10476
21382
8813
20615
8437
24038
8471
7016
2806
25143
26212
2304
27887
4684
20841
24163
4277
1393
32212
25556
2956
29100
10274
2093
25591
2627
8722
21378
18895
10110
27481
27905
5267
7086
17047
14364
31743
22894
17034
19691
16096
20265
24449
20427
11302
7133
22804
27724
16955
286
29715
30538
22675
13917
4284
31833
1925
362
28977
14951
16985
14392
17449
21404
22434
4065
18405
13445
19406
23785
6502
30322
16891
10439
989
16668
26380
16545
25699
28555
4860
8536
30186
31799
5235
25796
6515
30830
23191
5185
28290
4853
28965
1130
20431
29170
704
7716
2111
25609
21897
14559
21522
11462
30191
27160
606
28731
969
28194
19132
490
21922
3623
11073
6885
26195
10090
25264
15155
16600
14286
23277
14966
24156
5020
6069
19403
10902
10369
32141
30962
8792
29142
1272
22703
16485
548
11757
1135
11396
17896
18312
4399
24786
25491
24576
3994
14684
23765
28889
22385
8685
21787
7003
8752
22053
8535
2370
14575
26571
1279
17847
14726
32612
16472
8831
14068
2821
21492
32115
14594
20325
7545
31280
24355
3894
12709
1039
10911
15542
6031
11352
13296
27009
18736
14514
20332
26793
7457
30174
25893
22280
32166
8869
14
32213
4332
1807
22623
17270
13967
3030
23866
7829
32351
26138
398
16246
31844
11094
20540
25480
7712
24979
2936
1850
25875
24540
23410
27151
10885
4849
20534
6389
20607
31296
15057
29395
1051
28944
8630
23393
29949
6144
21600
4156
9762
29360
25144
21562
15321
3518
30904
25850
27406
16628
27857
28352
28110
25023
29578
29312
8456
31203
19947
21049
12177
22126
27673
30597
28267
746
19394
18541
20039
1239
5563
24193
1608
27481
16104
13353
23562
1837
12381
15414
11491
24289
15042
6076
7273
13125
22780
24100
3124
10269
1546
11133
16613
25880
10796
26899
22630
17158
25419
1091
30068
22853
11413
1933
17499
32636
10600
18923
15617
6028
6001
10337
17958
13252
11285
32214
7658
27989
24847
19746
11152
32517
29787
20840
7809
30759
8019
26790
32404
7114
18713
3210
4492
16433
14388
19848
14819
17027
1918
1065
12998
25284
25149
11430
19808
7172
19344
8373
4955
19670
29965
9123
29348
17412
26792
29859
22127
1409
2518
23398
20860
23455
12787
25323
15768
2178
27617
13977
29798
11221
4851
21899
1375
12475
22793
4139
3352
22537
30716
1026
4547
12978
4668
2510
2297
8323
1719
18901
27319
10000
15357
27258
30118
13550
9890
3342
2207
9506
3812
3304
13678
5850
22926
13496
28886
27995
22557
24088
982
3131
25632
12132
8747
9168
18917
27596
18966
8680
18001
2471
20831
6842
7184
778
17306
15901
1007
5274
30121
11512
31877
24222
29314
17146
15641
7257
9523
10379
20416
26006
25635
16642
5830
11908
16794
18712
16719
31172
17795
14748
29502
28865
29809
17001
9302
22080
18401
29078
31391
1848
31679
23276
9228
32227
21803
21405
29530
2837
18044
5682
17467
14797
5253
25286
27316
4361
24856
28530
12740
10207
16073
15624
11590
16330
12788
9220
25368
22850
17154
11711
3965
30351
1511
3558
2240
222
15087
20523
1563
917
27835
3642
19926
12772
12166
16879
3763
27292
26030
1990
26762
11845
11631
26003
26673
15211
23537
26995
31390
17720
10629
13570
6992
30792
29483
18638
16875
16824
13657
9228
21282
3200
9207
3210
6361
26883
942
4837
1419
21221
10338
9980
18154
2333
15613
20644
27590
11339
14447
24734
8496
5963
9203
11718
19167
9738
5779
12940
31443
24216
2542
7848
3127
12415
27705
12554
25996
15956
4996
28176
9732
25995
30270
1532
16940
30863
19708
32677
21454
24339
374
31597
8470
4258
3794
8818
7923
7550
14118
5641
29376
14759
12856
29544
14116
32314
14728
16290
2103
21756
5520
20441
6886
16951
4170
430
25496
197
28915
22525
4114
9322
25871
20424
22679
13927
31405
368
27732
75
4076
25131
31996
30989
23486
14770
11696
2136
29676
8250
26913
5158
29786
6310
25336
3216
11149
6907
18550
27108
28778
8980
25687
20729
1344
6039
14845
20927
11273
7463
23498
29722
20461
10715
206
1777
26632
27887
7586
25986
30573
24250
1171
9976
20075
3296
20739
27711
28943
30409
8717
16407
18153
3666
26728
15719
30739
12482
19342
28628
7024
11263
27165
8851
6706
9218
31101
4475
27807
27784
2243
12383
5140
11018
27349
31898
30282
21744
3023
3307
32216
24066
13734
21380
9209
11039
2060
18013
18320
7473
10131
25038
30057
18528
26644
14685
1474
11142
30290
2773
13066
31715
17627
1944
3560
22803
16431
18485
29311
32060
3620
7741
25329
15756
23689
14419
27425
28387
778
19587
29118
716
31827
15573
6781
28850
31353
27169
7589
16209
6805
10532
14545
17002
31666
3540
7409
24763
15593
241
32147
30254
9930
21469
9569
9809
1022
18093
13290
13062
27947
13440
26789
11132
3096
23055
7986
1885
6674
27270
24804
585
7566
26259
12157
19332
11023
27068
27960
24043
11594
25077
1549
5165
30856
25970
15920
19767
11597
6842
18907
13552
11831
26365
4685
1319
11560
22183
19475
21193
5032
29749
17030
15192
19076
327
31893
1688
9403
17911
7876
4236
29083
27242
11893
4000
31272
3748
6758
2856
28093
5281
11388
5641
502
20641
18623
8630
18892
5059
7589
32095
2050
17621
10643
21861
193
31595
14753
18192
3711
20782
17822
23684
32293
23927
19796
1265
30320
3869
6924
23819
28311
22667
3925
23482
30767
25109
23042
14098
24652
13964
17522
5509
27626
7695
28948
24407
13195
6949
13353
17491
25121
15881
27084
18877
23341
16965
27952
29831
3113
10882
5418
25543
27940
20127
23023
28521
29868
4096
2078
7969
752
10281
9473
3492
2086
17803
26640
3096
27179
27293
28086
6601
28009
17199
1880
1053
9470
25596
19604
17098
11803
10366
20934
25670
15017
8966
10193
7808
12083
21259
2332
22477
22528
5570
22490
15397
31103
1264
20879
12943
16361
14333
7119
18138
21025
6985
3657
23438
3039
20931
24069
14370
8973
21687
3562
18287
15473
17895
18563
6757
13197
10206
1795
765
6595
28801
10630
23406
12477
10727
25753
19876
25612
5482
10237
12014
1551
1278
25256
17399
21527
24258
18445
247
1480
32469
31389
6698
27587
27499
16270
30850
24962
3872
8155
26265
5762
28044
6796
2537
29352
1559
19511
31807
6622
22798
12231
6509
21245
17143
23676
21823
21999
8738
25907
11697
17685
31361
15592
3423
21990
3001
17529
12861
27865
3449
26028
27784
12421
1547
24436
18941
22535
28457
10096
328
14501
7441
1205
12735
22193
7132
18381
19280
32175
30475
17407
12984
9146
8035
28113
30198
7203
25339
17100
9472
23900
11155
24191
8884
24084
30503
24775
529
19876
16068
2381
17319
11178
16283
11343
1868
755
23124
25764
1553
19359
31908
9978
26741
14463
18722
6755
19672
29634
29014
23056
4658
3793
30227
1115
15108
10615
16903
15115
31887
5189
21137
30932
20037
29237
25298
24606
3453
7565
19719
26376
2410
21510
5654
1195
2894
28206
22374
17315
12011
9739
31476
24012
7994
12545
32164
17737
2912
12533
11221
16075
26590
16563
3127
28943
20488
8077
27873
3497
7096
16453
18078
30465
32067
16174
27272
1947
15276
909
11737
24219
23832
4165
2045
21896
21890
18356
22252
848
3504
9944
15798
28812
22118
15286
20831
24838
7129
23292
2030
22136
28006
22757
7617
12439
11652
18781
25891
3664
32248
2918
13345
21586
15432
9146
25753
31948
8817
10929
6803
5240
24540
20838
17620
2264
16015
16917
2993
11200
10401
24520
8738
4116
8688
10547
11543
9171
2582
17116
13583
11092
15000
27775
21990
464
21857
26032
8430
17185
22383
1474
25922
17097
17357
2792
21079
29750
31425
25754
10452
10309
4422
32058
28068
17412
15548
18168
21321
21692
9951
4083
19827
9519
15862
24992
721
14366
21836
28528
4391
19470
10724
22701
22433
19532
8041
16805
15207
21295
18788
2059
6769
8605
5298
5786
24733
12240
9524
7163
29438
15194
15304
10473
25975
30311
14456
31123
11913
15427
3314
28226
19818
28444
13112
30523
5719
25352
31897
30695
6442
31306
19680
25905
22063
22225
5579
9008
13620
17665
9919
26118
29407
17334
9401
6664
30789
19846
16008
5919
20663
18247
28986
9069
12767
14289
28884
2356
18957
11525
2374
17396
18635
29199
2973
2260
21943
31463
7035
11843
27026
10526
28868
14047
15764
19927
24987
918
17666
3348
18573
28939
25859
1587
6923
25659
24240
26040
17438
2656
8042
17484
5974
20502
27504
30470
28676
21436
5808
13546
20648
22301
16350
13743
5805
29775
16836
11718
5716
6620
20185
19351
13039
4640
27412
6670
18255
6642
14338
27734
29311
19079
18199
14052
7347
23186
26178
31160
18555
31408
6851
8159
1084
20740
15937
30781
4065
22558
29207
11145
2766
9506
23792
21401
15893
22822
26259
6112
22253
16859
26112
29493
9568
28016
30139
1749
13123
13747
25192
7852
18283
1658
26520
19152
10526
25409
12003
12879
14280
28692
17719
810
10991
432
31343
9121
3689
30949
24359
2225
20173
27966
21711
21980
27175
27364
25599
10792
6384
18368
19722
15978
829
21472
1750
14532
22070
26908
8171
22893
19914
7673
13769
25776
1697
8141
30335
28216
11346
30756
24697
27018
22487
16739
13466
9171
12862
3755
20107
2788
12192
2816
22354
25979
30295
5035
1574
24772
18028
20956
25473
5919
30031
6036
17016
29732
20939
962
25672
6628
1080
12717
31281
11122
16115
30609
31111
8355
21259
30861
30214
1809
32061
3516
30310
21606
32547
19107
30511
11735
22696
8395
4047
18670
13759
26286
28137
18829
25685
17880
6897
16688
26243
21574
16374
13170
29961
23826
23486
17363
1528
7250
7960
28856
11182
29245
25454
32691
24583
20879
28570
32517
4050
27951
32506
97
31362
26895
16071
28915
14886
4692
13730
12961
1948
25272
18800
23185
3841
21292
22376
14571
26731
16833
4714
3552
2267
28360
7059
4075
16237
21816
2318
10070
4818
25169
20269
769
4864
20607
16312
27231
29480
10625
4997
28865
32745
13258
12872
28119
17859
20264
11437
24435
31694
1187
7332
6289
1708
19880
24572
24981
10172
22119
24884
28115
11408
16249
25230
19028
12962
8902
32612
10711
21314
24486
22463
12823
19411
29254
6694
11852
30263
23118
24500
19188
9608
21696
3694
16083
15113
27939
13779
1337
1884
10722
6580
3459
19445
22511
24389
996
28878
14763
4213
5990
16988
7434
27003
24875
19395
7410
9393
20729
8518
4581
14502
17142
12033
30176
15470
8879
24538
16259
26173
16223
12469
30833
22581
13679
999
4858
12155
4409
18669
17144
2448
3857
19551
24054
29663
7302
17439
1688
31122
32485
27606
10039
17322
17151
17825
32715
32591
23084
21255
19214
32356
2192
23087
16094
18015
2205
2895
27619
344
2009
6760
16499
1375
24802
8497
12978
26131
13999
23888
22014
17521
21784
7888
24458
20713
31385
31440
24136
13239
28499
5752
10765
20336
3411
7730
19952
4571
7703
15638
29171
18179
12622
10405
2021
8842
20704
5307
16262
29504
13870
9151
1517
13556
25755
10013
5159
29835
19787
17398
20769
14927
24619
20502
2759
28297
11825
31526
19054
27729
229
6178
18543
13989
2848
6926
17173
953
5907
7909
15546
4750
21900
2003
25900
32454
12917
5539
12886
1719
21149
31355
27676
30654
7868
18887
12166
13525
32689
21363
11553
2920
12301
16221
9890
19045
18133
32010
28621
20371
24452
23448
30357
32548
848
24051
5765
22925
14254
8012
15198
9109
22040
23495
5890
21676
4366
29044
28304
16255
19035
28033
17105
10441
7833
31150
22483
16492
18935
15872
24531
12480
19002
2746
19808
14379
25090
24201
4286
242
24911
7423
17545
11086
22339
2370
3482
15811
4394
22790
12847
28589
2743
29624
11333
540
13200
12796
15177
6881
11790
12634
14576
21993
27453
4148
13668
202
18475
9724
7840
13468
4191
2980
30493
16906
2471
2133
24494
9128
27927
13923
30888
27272
29006
29825
24135
22792
18939
30513
17485
8173
16544
3711
29932
29110
19094
29679
14054
24618
16466
13492
24307
14388
6630
3106
4195
20464
21706
16998
28932
31494
26333
25461
21574
6455
25255
25154
8605
29493
12513
31796
31271
22968
823
28887
24975
15054
25676
25042
28209
8562
2303
28441
17535
21345
18157
25443
24995
297
21558
1247
31078
15491
13445
24098
27472
10466
30538
4964
4880
6732
11082
6125
30751
5737
11098
22474
8353
27610
10343
10692
2956
21451
5306
7571
5643
20940
21626
31310
20517
17884
22387
294
1178
25799
21
18516
30733
2739
31680
16976
9064
7157
28735
17732
28029
26665
8850
9920
10217
17281
31472
16303
21310
19037
2572
27786
28257
796
29592
24011
21808
21042
25095
19621
29288
29819
26520
26610
18630
29648
28816
3437
5997
18903
10950
8993
7560
9503
1637
9505
16688
1132
13294
15226
7568
7247
17276
27750
15431
15098
18764
16066
32269
7763
11132
24770
30362
28743
32019
9956
16324
23905
2626
30498
2023
31131
31210
29804
24457
26484
10333
32341
2622
30018
8041
22797
22218
9418
20371
4495
17030
20750
28320
29211
27653
26214
8026
6887
6390
24786
18064
4882
21324
1167
12639
26073
24989
1256
28848
8205
7880
3407
3586
16836
29915
24748
32106
30800
32564
757
28887
13421
6118
8447
28827
28862
21598
10900
23847
15483
13638
21189
15894
24164
3497
27265
622
9209
25944
18791
5666
12524
23181
14553
28891
25303
18127
5458
503
7467
11029
6649
7634
4456
10030
2678
20549
22420
96
12036
14445
27366
31568
22215
20910
24258
3361
21601
19959
24554
10208
10432
25927
22002
9760
20537
15984
14580
6625
26075
21787
28550
695
4349
268
18665
12072
28954
679
26499
19797
31711
14515
12175
28381
385
25439
3604
1022
19284
6274
11283
4605
2202
19751
25093
10440
32152
6217
32645
23515
10480
4827
15177
16992
21290
30988
24406
17050
15508
28872
1396
11395
23884
6530
30688
26548
27547
18737
2626
14470
7300
6808
32478
24695
21149
12491
19470
7631
12062
21487
22000
20099
14648
19265
28764
14937
4008
6234
15641
18509
22667
30641
14928
9011
25460
19041
5440
4511
12732
19756
5428
1282
22809
16576
12978
9237
29810
26426
12022
21627
5874
31465
16287
1954
30044
596
8871
20202
14750
9598
11928
31497
13480
26728
13053
19118
25214
28376
15639
27748
29836
11609
5330
22457
22075
11139
1527
16800
24513
15228
18851
12309
11069
19135
9208
28927
16387
12316
2578
30810
2100
6912
25661
27029
17555
2039
16485
20537
29331
24175
2254
19404
22709
7103
4869
13045
11536
12136
6934
29153
2609
27802
32511
10212
9766
13562
20069
18532
32726
16546
646
17139
30356
10089
29295
30395
32755
3941
22382
29983
28635
9391
30155
22431
1756
15974
15795
11516
15043
21751
30837
16797
28011
11675
22001
18226
1494
24353
28236
8087
8060
5101
3049
20219
17379
11585
20885
22849
25200
11195
4354
3750
31357
287
25975
2981
11180
12119
26309
28696
8314
22712
2173
4511
1815
9607
31072
11589
3189
8892
5911
23649
3486
32261
18981
20667
29516
17166
24089
7152
27571
32256
10760
1560
30370
26440
7482
14245
30666
31897
1060
14990
17245
11060
6550
5806
22748
28519
14390
3431
16426
3411
16429
14474
15588
18163
1312
4219
19445
13146
22626
7568
8036
6972
872
22715
3185
32432
18045
32617
8161
10292
12214
24233
19606
28914
24105
22929
26722
6722
1370
11997
27421
24687
17654
16858
9205
10942
10436
27267
22790
31916
25816
4329
1323
3192
8714
6104
10259
8929
28326
23223
23703
10289
10085
17072
10570
634
27804
14097
16210
10528
30644
27890
7031
4503
25818
23065
15738
22894
17655
20250
27048
20877
3043
31938
10414
20155
11990
26806
31151
25443
1823
5464
27284
26263
19736
24810
2724
27733
16217
24566
27476
4873
18988
14061
9056
19028
17217
14094
2074
30476
3491
17033
4354
6276
14827
15333
6552
21261
30388
1183
30062
956
25934
20244
2689
16750
9911
18336
26057
28426
13510
22792
32271
17158
23466
4117
6399
26669
26515
25218
1662
7071
23215
23833
9790
27673
16216
32024
27535
32374
27276
14553
21368
31606
17053
31666
262
2751
24105
6427
29668
32545
3917
31502
3372
6174
12054
4020
22141
31914
15672
14909
16206
21295
10243
19215
17537
6868
20626
17188
13883
10751
8006
26285
4084
30232
15475
25340
5834
2193
16728
2976
12827
17699
30037
29394
12882
25946
27480
24848
31233
19795
5017
28679
15665
7621
5511
19638
19190
10046
1537
25809
5446
8879
19914
867
27402
21291
21559
8376
6262
29932
16939
27002
24982
7575
28997
16666
2858
29120
23384
17265
26036
21425
7708
2472
3791
28519
26403
13909
23746
18398
23566
3302
10325
10639
21248
6211
26852
9782
28499
9391
22193
32216
30346
4335
1918
6405
29063
15023
14684
30811
28159
2593
16318
15691
29738
24807
18129
12320
1215
28723
24848
26428
13087
14893
4883
29605
12240
17045
20903
14017
22318
12969
9764
17758
6237
29769
27899
31733
18562
2137
25231
10288
13875
7271
29254
27561
4396
9101
31711
15349
31299
30361
774
9185
20382
16236
32037
10747
2339
13216
12670
85
14640
25198
24439
24965
1420
6606
7988
16112
11422
9951
12395
9289
27357
30090
11124
29780
21640
21346
18592
25328
30615
22991
12748
20564
23025
17260
4662
27033
10207
12461
22671
12921
9921
8133
24401
23638
16384
7111
28498
3709
14403
26379
20634
941
26342
9427
23921
8403
424
17966
19389
26904
20643
15901
8331
29469
24194
16629
492
17285
30958
4868
23298
12469
5449
10871
1626
13271
28063
10363
29308
19237
27097
28067
29889
20836
10548
19850
15973
28334
16370
9657
10205
1653
32080
23499
18027
18117
19895
1743
32751
15561
3382
18413
4352
4753
24112
5709
14651
23058
22610
564
475
2415
9160
13168
21131
3191
21681
9975
18552
3950
6864
28619
937
26384
6532
32544
24211
14803
31738
14273
17384
20077
6561
20656
5809
9110
16094
19212
24732
13583
28162
32568
14999
4579
11385
1338
9117
10221
12355
31841
14800
26778
425
30251
2505
10992
25896
2149
26668
28367
8626
19092
2431
25975
30486
17044
19516
25419
22716
1151
26916
7893
16533
2513
32215
24841
11858
969
9634
2766
9940
11538
5272
5050
18404
24226
26852
26141
17445
27619
9821
15426
23366
2576
4187
25329
8828
18146
21961
1336
12592
21101
17276
25964
1525
8260
28867
10090
14268
9188
6720
4130
18251
11344
7926
24151
9451
8952
21410
8352
15969
12767
8271
11443
10528
5373
7205
7138
15549
6883
7042
28902
12707
6301
25676
19164
6152
21724
31877
18829
15136
11861
18207
1778
17552
356
25362
18936
13349
4341
173
22144
32710
30372
8489
32426
28583
24099
29828
22867
2752
4060
18829
16860
10110
3800
17467
1325
29880
19936
20034
24570
3812
16354
30184
12869
30091
18326
12053
3109
29946
19040
10922
30661
22587
27257
14356
9391
30531
11338
25889
22603
30061
2840
20498
18338
17447
16614
24561
15976
15851
17815
22309
14138
28018
18772
29763
18724
21796
11821
5415
3686
19154
17667
4164
26744
15271
20901
14392
17739
27740
6713
15779
18898
2476
1502
25402
1473
7432
3727
14359
5269
14731
2634
19539
20436
30000
3954
5079
30358
579
30835
27503
28228
32021
19108
29729
160
16884
1137
14524
15109
24410
5817
20915
21232
30821
3445
31532
13248
11143
11163
20821
6586
20863
32322
9975
24144
10376
11014
10829
22947
16336
32174
19478
32070
14123
30988
7401
3141
9993
28453
5321
5222
17574
25746
30969
3246
5760
17190
21521
15655
19726
8145
13394
21473
5039
6084
9271
19255
28129
2262
4428
1363
29875
10535
5443
16629
2173
16899
21829
19311
19150
4617
27526
5109
29862
6796
3868
1043
23781
23609
28177
16767
17156
18170
28087
15633
12803
24859
17723
13072
4002
27052
9853
175
11220
31270
26911
29399
25713
27473
27613
29223
12587
356
8220
12346
11203
9070
29637
14888
26749
8694
3411
5199
13009
20702
3627
17235
611
30862
20268
26211
15413
25166
19336
18110
5147
1010
11730
118
8816
3773
13144
10356
520
25984
22962
5053
2661
15874
2715
9204
31278
29092
14848
15647
9692
16709
10839
18606
32439
4196
19250
27065
1537
23428
26132
18057
113
28117
3459
2906
32227
6672
606
2655
2381
31395
881
7431
5365
32014
15175
10879
30433
15501
16447
30584
2447
28663
23266
9002
17639
28390
1652
30104
25454
4632
24521
25366
26556
29461
30299
26889
5680
20242
13209
10223
14050
4374
19585
24223
13273
18267
29040
10961
26495
2039
12345
13024
12113
2235
15477
7375
5851
28252
4635
30347
12004
5840
9809
29551
25830
25339
6785
8973
28353
17291
9646
1324
7855
3361
10249
7949
13179
22449
7359
30195
30958
27947
24086
4833
19595
2907
28600
29606
23164
32014
17230
3351
9931
20086
11089
17052
14037
8399
28701
30446
28412
24899
15176
6686
30877
26379
19761
22746
17474
15576
12508
20716
31768
6513
25085
28419
31395
19357
6482
22966
6576
7491
13110
3526
28043
29136
25716
4003
16499
9177
12633
22066
25163
26114
23309
21198
8338
11038
14115
14989
31381
22935
9582
29892
26083
19984
6166
21197
14082
29002
25068
29959
608
25924
16123
287
2444
3495
19295
3470
2214
30560
23643
26211
30741
25487
28581
3907
5751
31136
9476
9902
20190
25783
30237
3715
20281
24658
8330
32199
25360
30762
30253
24482
26229
32602
1988
9130
25911
706
23997
25445
14936
15022
13131
264
17345
16307
26553
9093
32309
1754
6655
13253
7556
26881
8851
16178
29953
14717
24449
25465
17461
12292
1726
10126
15317
10699
29369
26096
20210
1515
7476
11310
9328
8457
15442
13226
15545
13366
13809
22429
8114
6932
23865
11355
9967
17722
11893
7129
14371
22234
32034
11116
986
15521
18502
20179
7274
14047
10500
27768
31014
8168
3948
30451
14806
29114
16792
16336
15972
20192
20724
26514
26328
4758
31197
3831
3974
11309
8558
11646
7558
18865
26006
12583
12133
5578
29550
19322
17946
3296
6090
4042
31292
11650
15887
18107
4466
2057
20804
6914
2090
29048
13163
876
25486
23975
16145
3618
24499
9377
1828
28971
19988
14154
18693
1074
14400
1861
17630
1930
6863
9748
28726
23663
19610
24449
14018
4751
26156
21309
15742
28361
15731
20936
23549
20276
18875
144
16381
4195
990
2397
28479
22503
5812
22764
7062
26646
29649
12506
32061
24843
8304
4293
10093
4846
20138
15021
2863
17782
5868
22176
7280
6315
26023
31126
19795
25329
29001
5018
21451
12354
19565
2346
28008
18107
26702
31713
5489
21594
7042
1619
24884
10758
229
28473
30362
10191
17107
6094
20734
15992
9882
10616
18495
10802
27694
18091
3604
19115
22047
17162
5536
15431
28105
9936
6471
5805
22475
367
12991
29830
19642
20343
14698
10369
2582
30648
23267
17307
20348
9131
8663
20637
15390
30478
24342
26854
8305
27343
10473
1642
6181
20267
25767
14075
90
14615
3715
5320
7697
24287
13224
10275
2272
10253
21128
5767
11755
29836
5488
17113
32527
24333
7008
17134
8800
32426
17179
20046
13782
27593
11386
2615
31555
3140
25605
22245
136
27335
27844
529
6153
7545
7251
696
13662
32734
32053
8733
588
17404
11114
13841
16371
7868
24388
20594
18504
5012
6774
2034
17350
9059
11118
15897
26465
25244
31461
1678
20156
15015
22452
5010
18075
23172
13545
19405
7067
6834
3610
27981
16673
22607
26105
25036
25744
2944
4905
10289
16575
7443
20304
30554
17834
16227
15470
32281
26727
20092
21613
25724
12124
31616
30457
29266
20144
18250
2449
32490
26879
4176
24030
3614
18514
14286
21060
16016
9038
8737
24760
27956
17067
5744
4049
12815
6888
16786
31265
6718
11837
24620
24517
17209
19154
21530
30267
15193
31022
10513
27252
19352
12018
19586
18730
3737
6599
31937
16756
30952
5781
13158
30104
13954
10486
3828
20000
408
1770
32696
816
22160
3276
15348
20502
10573
11652
16189
1315
32688
13055
22818
27577
5470
25308
3854
12454
27844
23400
21872
18608
29017
15565
25624
881
3875
29318
10724
16486
25469
12566
9117
31298
27415
31738
6684
7304
20798
18396
2993
22360
17502
3337
17605
25993
29637
24101
27581
30969
6825
22302
1058
16673
15469
30814
11519
16365
30240
16965
7819
24778
2375
9430
11016
1536
988
6064
18155
66
10646
28224
23613
9347
619
15414
27969
29708
12884
24117
19031
2764
32336
31439
24352
18415
8875
4016
23267
25778
24192
24345
14384
28021
22653
20881
26563
20753
16614
8151
8874
31341
21724
22810
10155
10316
9952
6508
26592
30569
20627
1141
26276
21190
29119
22628
20659
15937
8347
11563
3724
12136
12107
13292
22042
26766
27303
2734
32660
2591
13885
30805
8610
20016
10649
9425
14529
8794
4804
8597
24040
5065
522
22091
20588
16784
17152
9670
22305
18751
26310
24376
15554
25016
17290
20389
27538
6206
3405
1943
27716
25551
27626
10516
19480
692
12884
20941
11848
22102
6943
30104
3234
12627
11842
15648
27510
19409
13339
15579
1202
21011
22963
6205
11852
16714
27204
25900
32736
1709
16888
25523
31643
5323
24052
24058
15959
25376
11669
17526
31495
3047
2297
23133
17750
31792
28866
1629
28555
27186
31510
7053
32688
1506
4586
11940
32755
6085
26241
19305
11852
514
15919
7786
20320
22459
31843
26353
10406
32413
3557
17716
26056
3766
6491
14540
27980
25735
6418
25448
26739
6491
16891
25539
609
21975
23540
23763
8831
13009
28489
32068
9758
7270
27515
6948
23901
27462
11072
14304
20300
10323
31178
111
2385
11883
32076
7629
32203
7809
10939
27051
13814
23027
9938
23397
23311
30487
14424
16692
23224
25623
12197
6565
10909
11264
26467
8521
28504
4629
17042
26798
2706
30569
19406
1679
21611
16045
22997
14920
1052
8774
23876
4748
3035
12451
15265
27738
27648
25293
23454
24109
16741
319
18076
25460
4882
19193
879
23617
8986
4816
3681
13637
18112
18184
4729
19452
2526
5924
18429
25381
8584
11261
7221
15221
29164
9746
1650
9356
11132
22047
11855
6696
17232
25585
18231
16793
19141
22392
17703
23413
27243
14366
20149
32140
1054
13911
4178
10526
16498
4985
21708
4428
2901
15311
1815
9677
17391
18152
332
13794
9165
21045
19698
16268
8511
27092
14461
16124
20734
29606
26132
4683
2834
20647
14231
17771
22259
10367
15329
23134
25327
4948
330
24997
2763
5603
29040
30460
12717
9167
6712
30276
29498
7224
2063
31937
28667
29840
5494
2693
14597
1450
21437
22572
7897
12052
28942
13514
26505
17575
16302
34
12316
31324
17024
5401
32052
16994
25291
14442
16110
20845
13116
24474
19466
15696
25647
25647
6220
27086
19754
30493
10785
14253
12202
26753
4998
10765
5923
6033
29222
30200
31298
7891
15042
12346
373
4238
21462
3443
5805
22399
17274
26730
8803
4044
29830
676
6617
27710
22265
13110
17058
31658
24476
30679
20324
25264
10978
7225
14813
23976
18195
27546
32292
7898
27049
8342
6961
23789
5115
1855
31904
9635
27416
1391
12722
18627
18166
32093
5525
28502
15564
15983
19685
13077
10428
30799
15474
18979
31413
25665
23876
6904
19096
6324
4572
19613
30617
15126
24765
10015
22249
1005
14379
22590
13714
18724
7987
28773
12706
674
30699
11231
11915
32034
14075
23623
26826
12094
13404
1600
27847
25804
31072
1895
29948
13422
12275
22662
29530
29541
5920
16395
18920
7078
8407
2232
30382
22576
7405
4251
14033
11164
5476
17473
25855
25846
16365
23079
5901
22219
10411
25201
16095
1155
31290
32478
21129
14833
1776
22268
16307
16681
30562
7320
11842
10898
16938
13433
22069
23356
20712
22350
27852
21875
30343
16100
27888
28564
6850
13212
16079
27935
16102
3613
711
11790
16345
326
901
26725
31067
16486
4974
8203
11916
21936
22845
20696
23470
15593
20462
32495
21805
5732
32220
8526
22492
1584
10022
6819
28290
5008
32598
13409
20629
7339
7749
20500
7749
12933
15417
17138
7613
28974
31057
4018
23973
10298
13347
29345
24811
26480
13219
29682
14275
17351
10311
29781
10732
26766
18536
26572
22069
18666
3052
12986
27457
1413
19234
23869
23943
23173
17645
4286
16028
10683
20517
5063
6581
29981
15418
14356
31080
23927
9498
28396
31410
31069
15957
30642
4414
6244
22911
23735
24804
18066
11223
12882
20593
9234
5925
19507
14758
25900
31209
23796
23171
3701
19121
13297
27589
16707
715
3418
173
11364
7196
10374
5123
29968
9808
6282
26203
11291
14132
779
4503
9071
14943
16720
30125
14266
25624
6043
25258
25188
19316
30394
9207
10180
28607
31705
20699
13715
11549
8858
1602
17825
25713
23912
28093
6342
23166
2056
13769
7708
4685
26736
24404
6763
9934
12765
1149
25573
26561
15904
31900
1556
15831
28984
386
25104
6677
31526
14850
7925
29818
27645
19888
32404
7649
20025
26088
27241
26921
15185
16402
19662
28562
7824
13605
2669
29802
6688
23146
12283
11242
17000
8067
10276
26971
9112
3499
3521
30844
17793
3135
28241
9768
8619
20094
4263
15412
16289
20109
5088
29847
27536
31165
31384
10189
15120
29201
30302
14973
21570
2299
1892
3673
11035
22375
17531
31301
10495
5882
24383
3516
29330
8348
14479
9072
16331
13364
6465
1841
31306
28082
25363
13072
5611
2899
19940
26564
22427
26912
1316
9293
32362
21945
14729
16599
738
9296
31491
12512
24727
8184
28403
12445
7680
17440
13976
24986
1669
24154
6601
6818
19161
32098
18922
28382
31626
20827
20761
12352
4567
24923
424
28963
31425
14890
31184
18731
22629
31303
4003
24947
28040
24364
14659
3047
26484
14291
17746
27118
31235
24697
30633
26189
505
11170
24141
1608
8598
23645
29342
22025
2924
5577
23250
29766
28527
25560
24482
287
15947
16723
27203
29765
14074
16159
7832
7777
29333
12478
26022
22964
25194
536
31816
11770
29776
6780
23076
27541
20791
28898
1245
487
27139
13683
9099
5376
18075
13387
26216
5753
19260
21885
5835
26015
26644
24151
25435
15061
26380
22504
15484
25139
19429
16064
21774
2419
31366
24567
6999
9486
6036
1905
15933
12450
22340
25439
4793
20119
11885
16649
28040
2818
6626
1740
17700
17865
28670
3934
12274
2057
28800
19034
4797
18612
1689
17912
4963
25727
28996
1563
9166
19707
17878
19602
14630
13057
214
13975
837
12372
6414
21404
14444
13442
18658
6472
18740
14603
481
22716
4295
197
16026
6426
21839
26239
9905
31560
11439
32485
14642
2801
6514
4516
28964
8397
29696
11726
6242
14883
29720
23935
15526
27020
28282
15553
31463
17657
6884
30637
5349
29943
30272
29651
1282
18738
5404
10460
1107
30264
31322
27758
14071
24704
17961
13648
29351
6315
20788
6607
21391
27913
2073
3424
4956
13407
6940
8582
22167
13800
22045
19958
25649
21145
13511
1018
31583
21417
1803
4371
15272
593
14796
5346
21307
27857
6108
3656
26503
31923
5928
17357
27654
16979
1583
2878
23385
6559
11705
13466
1690
3100
15045
7216
28398
5162
1219
10241
23897
9608
1027
13419
11479
7962
3182
13321
31400
2538
8308
1749
12523
18798
28741
19599
8046
8457
22852
13923
5829
13011
31160
7110
14745
23453
11461
22177
30787
4144
668
10929
27289
8150
2286
15405
31752
28
30630
22954
7652
1493
5591
7485
29691
12130
27379
10463
12144
25649
4159
533
3015
19844
13955
20688
8764
11380
13318
1425
1881
20789
11961
10962
26311
6043
14003
26018
4453
3293
25821
27023
12695
8858
20975
25544
6625
4889
31131
8579
25012
23253
24071
30109
17543
27449
32641
8576
30506
31400
31855
17738
26455
5568
28036
6956
6539
21984
21050
527
6419
24807
8572
7038
11882
5695
21154
192
20418
3355
29347
21316
32737
18428
6534
11331
3886
16762
21530
12192
29452
13889
21991
17939
10086
20570
1892
17030
20107
6060
17515
30399
829
19394
24297
31552
4356
2766
14810
11883
1737
27118
4213
12010
22431
25263
15779
21838
32228
14800
6070
28918
21641
17224
13400
19507
6830
10121
10433
15273
21874
3591
6702
15609
1033
20724
12942
26781
23055
7758
19838
15123
29723
10780
29047
31037
15000
22005
26950
13320
26320
29121
4541
12108
24138
31172
12201
12275
22614
30168
25092
30046
486
24057
1131
25092
5023
10247
5586
5980
3632
25288
30582
2302
4323
557
6163
19205
32369
16598
24407
8119
25627
15063
28055
2152
22262
9661
962
23963
15239
18892
10131
12907
11151
8331
22538
1833
28200
15491
26140
3911
13841
24131
17834
3700
6727
23207
27312
4361
31957
13914
1727
932
21484
6810
15021
28178
2358
1851
4235
21875
25448
26095
20951
2456
11799
25284
3571
25008
5068
11758
25814
11300
24154
2759
27138
21951
4463
20500
13237
3090
4970
15754
27236
24343
22636
19089
27749
9748
17330
21063
23020
11202
13090
16584
7480
26031
26915
9645
17166
15073
18610
20434
14183
7612
6067
22109
14950
32038
15236
13051
8588
20712
9176
20845
14639
17751
22467
14404
23080
18997
22801
12008
1997
2258
20956
1247
10783
1398
16478
24140
14404
28675
5379
10678
26423
26583
30402
8971
12478
14064
8622
2021
18076
18515
5064
24843
17928
23982
31768
1339
16223
18492
8188
14631
26134
10473
10943
4285
31986
31671
7021
30123
21115
29280
17638
30499
25006
25149
5170
18139
27378
18790
4372
1881
6477
12059
19682
20333
2008
25442
13203
1791
15216
25074
29466
266
25775
23632
27891
30441
32282
12088
26107
18642
6812
18238
26756
10144
30772
14517
3241
3029
10986
3792
6879
7647
29703
5639
15565
29594
6533
9660
12382
18199
20933
11551
12564
2716
6016
1871
2975
32235
31232
23234
4014
10439
15760
2022
21509
24245
24625
27400
207
12288
22158
30070
5174
27647
5426
25056
21810
6298
14841
2052
26782
779
27076
5003
15505
19938
13937
8749
15851
8268
8459
3356
3118
23188
3133
24992
8080
29674
13069
19710
5454
25956
30663
32671
5698
17986
7990
19310
3000
32118
19482
386
5758
11364
20183
21245
31802
14054
7531
14644
32512
3219
1954
10512
21284
5953
31629
5556
10061
29384
28208
1631
29387
21001
15483
17300
32299
13615
6268
24441
23048
21813
22226
7550
14372
26793
12389
32062
23223
9647
19540
27818
3590
9544
9775
25956
24632
3028
9319
31081
2917
6870
29442
4851
17905
4088
30355
27550
27928
30031
27498
32457
15817
18143
1288
31551
4024
4450
8662
30743
18095
28229
26390
28888
28196
244
22809
19681
13073
22871
17330
30216
12288
24476
1772
17026
16229
11576
7160
13827
18481
30504
26217
24101
14500
28029
9636
19982
9059
13335
6801
32077
13002
22705
13719
3590
26243
27166
24776
15951
20312
5329
14936
2265
15685
26787
21332
14547
5074
11217
18064
29963
14496
24388
15330
1623
20545
22550
11149
23859
15692
4689
30208
6827
5553
8442
9153
8316
587
24398
24996
27766
15540
18251
3392
17188
8029
4466
26019
28079
31710
460
13381
3840
11146
1579
571
21541
3655
2482
11693
1014
27549
8599
29578
12792
27148
30504
16762
6273
4259
4876
25621
24093
1742
28108
25938
18993
1648
27026
12098
11486
13361
6448
18174
32296
21018
30819
13278
30808
95
31065
26347
12702
123
2930
13975
30971
11906
32580
17068
31326
9395
27617
21635
28174
15693
31068
3958
22343
26277
13449
1431
5672
32116
20485
1187
20685
8565
30326
12081
30648
14384
4628
13871
26997
4624
11625
18063
31101
26044
20820
32574
24156
5540
1108
854
19215
29658
20227
31892
14256
30756
27105
8716
7509
7247
30803
5915
10549
21190
29932
13982
11020
19299
13034
7777
17089
31364
6404
3803
4422
5730
31075
29464
28865
32414
10990
9462
30697
16925
18378
16788
19634
14102
13601
8712
2604
22889
22563
19536
15784
25395
7243
28811
16158
21407
12004
18026
26827
22527
5067
24289
29214
19227
30582
15906
29141
16072
25141
20939
19300
17341
12472
5982
2966
25507
30162
1779
30838
363
10620
5673
22640
5092
18717
26466
13492
28301
19721
31024
6875
3240
5959
27146
8653
4751
16279
9284
13794
31051
24755
1598
28743
6243
19158
23259
32164
498
16251
13876
22523
25852
6759
2702
22484
27138
3049
2442
24727
15828
18529
9628
11321
16039
20735
18366
31258
32615
14797
3430
9518
5455
4336
8885
25948
25526
19243
3313
16419
23084
22948
31029
27779
22725
19691
25447
11803
11957
10552
10603
27535
26397
20468
24214
1068
22565
8827
29542
10447
10315
16929
1392
15362
15867
4467
27545
32105
19807
23231
21129
1117
30840
16342
32093
19926
13678
22288
32412
24974
28452
6545
32109
21091
5136
1739
23303
7677
1866
8516
19560
12210
10210
10393
15434
2726
25207
13508
2387
24375
261
5786
29836
3992
11519
8599
21524
26555
22430
17118
24086
3189
31864
2428
8184
26077
29268
1005
30165
2293
15933
5857
5678
25740
7381
12608
1500
13666
13804
363
2121
1422
11857
4037
24544
15133
3048
25202
29378
31228
8189
3678
10171
23832
27608
22913
3956
19139
13202
21090
11754
26714
13095
218
30750
28964
10699
5147
23055
29822
12162
12784
22757
16181
2283
19271
9583
29748
27996
6636
13007
6239
29492
11159
9588
5566
5741
7721
11849
31198
3441
28979
9772
29556
24623
4280
32162
21316
30061
32052
21705
5185
2656
13532
20366
12022
18554
16936
31263
15396
28035
5007
20900
10925
14827
145
17706
3248
6495
8187
17119
16374
14746
21351
9605
30093
894
11266
5665
23730
10851
3218
13811
29941
17839
11447
9387
19351
10406
24944
14042
10295
27780
20194
28839
27821
24777
26453
6339
11319
21973
23424
30623
15827
30132
24582
5852
19947
7995
27712
5379
13111
30548
22077
24950
2784
9366
28679
29862
24545
26905
2600
22663
25011
3720
32621
5441
28201
22647
11754
22057
29337
28919
318
23279
26684
872
29209
2328
28631
31119
7931
12719
20635
3817
25150
24376
24138
11838
2390
16358
2716
19832
4440
14
9697
15286
3257
10458
4839
5533
5720
22338
29214
21486
30143
24376
2042
10334
22694
12067
25241
7330
17849
1935
678
10185
11420
23331
2941
11726
14123
27347
16016
7534
16390
29271
17929
8247
4685
30939
4785
4322
22184
6648
20752
11234
20875
23267
14806
11837
22200
24548
16761
22171
5637
5642
27424
31900
9567
9502
17088
12911
27663
15829
17028
9377
21308
6217
10099
11314
24497
13994
31053
18158
6369
16433
18869
27130
24872
2134
28309
25262
9044
5699
15295
14754
31076
16520
32720
19468
12432
12560
18522
3913
20105
25940
12610
12985
31745
32462
17254
5072
30830
30641
9859
14442
31499
4055
10839
17247
9504
1531
27394
5976
27012
28968
5298
7137
3424
20081
2687
22719
9781
5859
29844
23427
14625
29112
31120
7007
24414
22221
10028
20281
5131
13655
19997
27134
3887
29393
21820
12601
20987
22073
18404
8676
18511
13179
9115
6013
9088
27438
10485
26973
21081
4734
13238
29254
14943
22377
24119
13883
5721
29999
29707
6804
7696
19715
30689
25681
23380
30471
16556
28847
20543
24439
29186
23545
21182
17444
21442
2721
16716
9765
19706
18575
29953
969
1544
29369
5324
28368
30207
24308
11773
21210
24396
30217
13830
31
32665
13324
22914
20065
30449
745
15478
27679
10789
9024
4055
11788
9327
6003
8269
29375
15446
17661
16951
28332
32721
16389
16111
29779
11183
30002
10063
3255
12854
9666
12148
29714
5387
27094
30657
20167
5714
11536
26407
10904
1301
22880
31396
8217
10474
9243
11786
10340
4304
12622
25090
31503
18779
337
25424
2139
15889
23711
30553
25518
18963
12772
4578
12868
15360
6744
6170
29217
20758
30796
21723
11594
27546
25602
557
27956
2170
23234
3084
637
14386
25642
28779
29914
7916
8646
24696
12113
16363
31969
1826
15528
6185
26266
6360
10269
19519
24122
4244
22103
28038
12740
15897
27293
6780
11470
2425
3142
32361
10640
4057
8304
29762
14395
32120
19445
20685
20620
18670
20891
6150
16800
13234
8331
8642
21514
13279
9989
29074
21027
11064
15697
17898
27297
3945
15609
8834
8555
26512
6197
23037
17068
17147
1447
23241
3110
3379
5192
17222
202
25402
15267
298
6789
19986
15425
36
20060
1662
25700
11199
5819
9741
3320
18570
30730
26963
25286
26742
13186
26490
20459
32383
7231
25338
6536
21902
17046
6052
1468
28318
27048
10725
7631
2590
31543
6985
24752
24727
28089
26686
31138
20111
20651
13083
20274
30637
29480
8288
32364
9502
22714
18495
5710
25398
28784
24924
10109
8795
16945
2258
31799
24351
1615
19318
3209
5548
23391
21599
706
1125
3657
25766
25639
458
10395
30826
12776
27036
14627
15639
5715
25922
2748
15592
29256
4972
15720
25515
24301
21238
30111
16581
30626
13583
5607
10869
56
23194
13989
9821
15197
16596
20531
15166
1371
16696
19250
4099
1795
18592
27426
31745
5347
2476
18224
27773
3776
11879
17742
17262
21312
19752
19337
4997
7142
9399
7063
23915
21827
25521
3248
12874
18283
32558
6048
24462
8871
23712
26905
2029
17513
21247
28237
19876
18565
18211
4028
29188
15005
26481
3659
3630
31709
19129
13975
18715
12521
30303
24200
11999
19476
4025
24873
3374
2003
15545
3255
31007
25969
30668
14072
25136
1028
23297
27597
22154
25503
9838
27147
23687
26825
1488
25223
1394
13358
22897
11632
7566
8853
1615
27106
7513
2322
4474
15287
16401
381
2750
7073
25464
23330
2690
28022
5333
954
18160
20682
28475
31899
1110
24515
12045
12331
25804
20521
7874
15258
23320
10941
16614
209
17614
3276
23393
5285
28604
10243
18428
23889
3716
29829
11809
29987
24715
18747
2530
9589
4370
20075
9278
3551
4515
32397
24735
19371
29615
10586
934
13705
1397
11557
22315
32644
13861
23150
20352
23349
1350
13749
5622
26679
341
2956
7331
2267
6575
2800
8034
28444
18353
23001
13850
30165
21277
22544
23620
6705
13759
1089
4519
10595
25169
14161
30822
30360
29341
10737
5181
11562
225
30836
3848
4887
12407
6365
9861
20401
10677
30525
10074
2711
3347
11324
6490
30435
8587
501
260
7845
16966
15111
23116
657
20340
20456
12447
25076
9852
5757
30753
16109
25941
2024
3129
29401
32051
6306
30543
26383
22631
22217
26580
17870
6016
17083
30339
14195
10679
5603
8679
32751
17546
27603
8990
4217
32422
403
32732
24960
4618
32569
32179
10468
2410
32698
23185
16485
23761
19200
28298
20572
16779
30269
6871
4777
12610
24190
10783
16876
27751
12675
1526
2296
31700
30926
26020
1668
30127
23290
23079
14628
2449
1870
23419
26488
6119
32658
15128
22691
22681
13345
8125
28927
21738
9792
28268
1808
14496
1198
17589
1206
15972
30333
26680
10406
15211
2079
20326
31770
3670
28356
10119
20680
30039
5604
31745
23313
3990
11031
25303
15484
3539
7213
21104
4706
22092
15227
1178
23787
8161
32371
2766
21049
18550
2680
30646
29154
27289
1008
16876
27812
30308
21402
17413
13396
20901
22049
32206
18456
17213
10738
31445
4310
11718
3915
555
25068
23929
3733
29545
29218
27982
22772
29937
24796
1892
5916
22390
7061
1188
6758
21183
14216
12194
9251
32679
5040
11971
14128
13161
22259
22949
10187
8218
7835
32187
23972
24183
28933
22072
31799
17633
18589
15151
25946
12198
19210
19448
18962
7810
165
6357
15787
19302
8240
4053
32520
7799
17093
12537
27703
9050
5132
19862
21576
25519
21169
22266
7008
19163
13589
82
25865
30475
1604
14284
14540
7030
3880
15096
21762
22498
8188
19060
9191
10601
19970
16584
1776
22653
14713
4239
27743
2090
28618
28120
25364
19099
15874
9931
8358
24288
1924
28560
11698
31726
29952
9580
11379
19687
3999
19757
28051
668
7296
20681
18241
7761
19560
16450
25220
22976
5045
6604
29391
20576
16020
23858
3029
19942
5492
28278
2462
26124
9659
3000
16091
14738
695
23128
23927
3203
4823
20319
19822
4538
15643
30491
26082
4004
2761
24586
15468
16968
4450
11514
32432
7812
14548
4717
2612
23193
12785
17218
13938
24554
12576
4242
1323
2560
16722
16601
11519
22226
17208
25174
12859
27715
27828
7348
498
5869
23693
17897
17231
9757
5734
15967
21289
18718
31473
22609
7640
20923
4192
20089
19271
32767
12060
3560
29003
15167
26298
22325
16435
23643
12075
31449
23969
27968
14898
13530
24984
433
31003
27559
10709
3400
10923
22083
30563
23223
1363
19878
2666
2132
20904
19809
12360
11733
2328
26496
30690
3927
19669
12212
60
422
18710
25010
5448
25528
22655
18134
3836
20858
31709
7948
9895
29648
31255
4336
13957
4566
15458
25908
6033
18285
15027
4418
4506
1267
3194
21795
4505
15441
29069
28832
6722
24379
26466
13223
8921
4787
7810
28144
22599
15311
25658
479
29805
18877
21652
7853
8120
24836
26758
26051
4342
19468
13416
32614
24424
21729
27307
25241
15128
27700
30409
21567
32620
16803
17528
24961
21500
12602
1827
22895
20385
10809
5530
2538
20942
29463
11785
17345
1572
28360
13863
27162
17984
18236
19375
4372
19928
8488
14612
28586
29958
15624
8817
10459
25827
10597
32446
12295
31320
27219
12618
19613
19249
14911
22373
243
371
18407
7773
22645
240
5546
13741
24834
2840
24066
12656
21395
21778
8527
28956
12318
17420
16598
24172
20666
17359
19209
6302
14339
27542
23817
24543
7872
25888
15721
21764
1219
18948
5173
24954
18705
27461
25650
23424
3395
14118
10600
14995
26668
12607
16606
28714
11196
12497
32165
14500
16932
22871
3863
30847
26171
349
7265
31178
15137
31637
14655
7645
1826
30248
6151
22343
5597
25674
7401
8
1445
9745
13941
24577
1063
25223
8029
30632
15949
18430
28029
25344
1891
9891
4632
26825
31609
6486
12133
2547
8456
12473
26442
9561
19928
21639
1895
940
21280
20264
13910
24493
13552
14210
1585
16032
28876
11537
4181
11517
6041
6714
32358
13160
16062
28892
9364
6115
3203
5417
4380
16195
25532
27316
13585
17120
29356
14282
2652
3729
10532
21254
23298
6872
23019
20256
3493
5977
2914
6406
6990
6545
15208
15406
4713
9156
6780
16682
19217
6199
545
23165
12430
27808
10887
21421
17436
12763
25447
30361
15598
17374
21551
23309
26995
13807
1887
21652
13784
20245
17715
29325
31694
10956
386
18049
32653
20988
24806
25780
15897
24620
6429
21242
28868
2291
12463
22988
27124
4528
25041
27547
12070
4987
9354
5732
29747
6492
9236
13189
23506
28346
9093
18895
8543
12822
5551
21980
4059
32761
27716
27811
27187
18986
25150
27721
10437
12069
17789
12091
12320
26057
946
30073
25867
4433
32381
30773
16842
4485
27346
23452
20636
9009
16289
29428
12168
25815
30646
2791
345
5025
10974
11806
28648
5273
16971
6162
9113
7708
19513
18975
21544
5516
13010
30427
22182
30022
23119
14245
19646
20180
27233
16513
22845
15715
18127
1571
32210
23671
31584
2633
1553
5853
7931
16974
9150
25058
29197
19452
8265
14530
15403
25763
18325
27747
11513
22119
28669
6979
17482
20446
17305
26031
1416
23003
11965
12855
31319
24452
6083
5726
18549
31915
17419
14230
24292
1627
3647
14443
32332
432
20956
1534
8347
31980
12270
6581
1006
32456
4379
817
23732
8
2274
20096
29456
9042
32293
6804
12160
8000
15589
29684
23229
3764
21838
18354
5346
7020
27635
669
18383
14038
24410
12471
6352
21797
26299
12522
7546
24228
3589
20726
22486
19274
13090
26030
15810
7311
26748
13156
20371
10623
24768
15010
511
28941
18402
15643
32571
26281
11617
3808
864
27925
25548
2007
22547
29556
31109
10602
13157
26788
11973
19580
32248
30925
3296
27553
17508
18746
714
23950
22488
9832
10970
5070
25093
22621
7631
12727
28727
4411
30481
3997
14789
10773
28217
32325
9644
8705
10706
24220
21367
4975
12129
25001
11106
5049
5284
1217
14782
12539
22040
7674
22935
548
30397
3298
29333
32077
19741
25456
20000
2122
8587
6970
18375
30591
425
10985
23779
28405
27949
4074
24439
22958
16356
8295
20571
27445
31991
14710
9370
24440
24429
7568
31256
27866
21489
5956
32632
7301
16341
13356
4924
31997
14680
11297
24110
25339
5412
18603
27903
11384
27931
24763
3375
14856
1107
15517
28972
4713
11359
30248
24510
25692
4049
10552
29346
23219
1532
2142
10358
30380
21503
10709
19925
25725
32511
8376
450
32304
5043
13939
22858
28849
1830
22648
26213
14118
5304
3635
9758
24702
15718
2879
6643
21325
19532
12762
4223
983
1128
6550
24918
20586
23457
28242
8241
30706
26376
15209
2891
24263
23645
30505
14602
5577
19669
25223
18658
22447
32026
4368
7031
28828
32404
11555
22017
17395
28135
19550
13557
25709
31421
26710
29154
29289
7365
20363
