31115
29898
11443
28920
25948
29964
11799
32402
15999
15886
18190
1010
14541
15896
20307
21051
6126
17665
18161
23192
29808
1266
25595
21794
22295
4204
10366
20228
7796
31117
5300
25564
25273
30351
18810
9829
19404
12177
12036
31828
3482
6554
29648
29055
32430
731
30680
17988
32002
13364
30732
15657
5397
19450
3583
27584
7997
13816
22497
4814
18239
25779
23725
16811
12829
12275
163
18668
13871
31870
7673
16448
22901
4391
5582
9112
2604
15623
27999
19339
17823
13067
19325
17656
8512
16047
27199
19437
27127
13832
20724
28103
19898
19720
27227
5787
17246
11774
19223
3541
9389
31580
15453
9759
11960
7869
24304
9349
23663
2342
31311
8918
20334
18572
19500
29005
15130
5783
27681
15216
1517
17574
6047
29753
5390
10515
31271
19828
30245
29112
17852
15976
23405
32690
12184
23993
7691
12388
9502
4749
15006
14271
19728
24814
31767
28609
10498
21872
18635
16700
27406
21523
17862
2521
21450
20074
17506
9052
11383
9469
11801
28714
12667
14317
25240
4360
274
27350
15380
10277
25152
8185
11745
19803
30730
28315
12609
6066
13541
6312
29818
24614
8815
924
43
8618
20829
14499
18143
6764
1460
12287
21219
4699
29501
27563
1621
27367
7730
9534
8574
23559
13374
4881
866
641
29093
2212
22676
9062
26302
30270
11343
18651
12714
3028
4035
7199
64
812
19373
8394
28231
21827
20522
13651
5096
24299
22221
31957
22626
14520
27375
5651
23808
17949
19526
17337
5193
16339
24506
27109
22902
15738
8819
1253
7209
643
21303
32067
29787
4685
17907
31998
12950
20366
5527
10779
16485
10997
10279
27228
25866
9486
14607
5200
17006
10085
23992
12684
7774
30958
14424
13879
19443
20900
19726
20940
18770
20849
11566
15643
26006
24142
27866
10641
779
11691
5842
13754
18845
32017
4748
2820
23952
15878
12424
2246
28273
14641
20702
8320
12876
27838
22553
18277
8479
10756
26183
8470
1167
13925
1105
18353
12250
29558
15241
21770
29709
21088
19330
4408
9335
5767
29220
27220
16221
11113
31231
6525
3823
4552
736
6431
22139
10251
14498
20597
24545
20962
27719
6221
32071
17193
17224
32012
21261
29199
28968
25073
32259
29815
12111
27038
27098
19614
26390
18388
27609
26878
16927
24702
30161
23411
5351
22513
30035
2973
22430
30834
13088
26757
8502
4344
18145
23939
22714
12596
29465
3679
4321
26319
32087
7862
16867
24563
22192
2207
21899
5900
10348
18063
14733
27600
6400
21626
27675
19837
23869
19515
14003
23137
27078
8502
2875
6304
22727
16188
14159
11314
22500
4271
25050
11819
12912
12262
1763
2367
19424
18386
26026
32645
7807
26594
5364
15739
4707
20261
12707
7755
16543
29359
23433
1356
30394
17213
29822
28876
3680
30236
21936
10765
27992
21830
28475
13965
16822
23247
1530
28298
20050
7039
924
23750
23416
17601
3322
19336
8161
12731
21159
8931
13794
23487
20425
31802
28900
10722
27432
3844
10004
25578
11909
23245
17244
19566
2093
12925
13201
9784
19150
3293
1774
10478
24456
15959
20673
10482
24135
32766
9060
30342
81
26574
14191
14388
8475
13876
4908
17517
16737
7377
17995
15984
16501
25211
3543
31341
16344
2180
29801
27882
25863
21823
17052
10599
28055
26561
21440
13373
18820
14565
8915
11212
12231
11667
9133
3285
24870
7745
15482
5669
3408
30649
29549
3956
3625
22813
9395
30604
28003
21289
21670
23982
26702
11449
29252
27185
26097
20619
7647
23148
4953
18501
18453
29654
6705
26810
15619
12908
9619
4969
28598
13907
10526
12614
6626
13503
7753
19134
983
28691
11254
24821
2224
31562
27723
27730
10958
19605
17597
9277
19589
25413
1133
29735
24852
1260
15544
16843
10715
21951
2057
26804
21448
20543
13042
3840
2323
24601
31612
14179
19243
9290
23227
13423
10480
7302
3237
24850
9506
17883
18980
16992
24857
27282
26985
30354
24503
10582
22660
5455
29852
30616
9777
25899
13208
9009
3317
2670
29798
5961
13418
4886
16023
26744
7383
1055
12748
27692
26884
19457
15912
24395
31309
15995
16645
24601
4852
32143
23014
16219
29372
29646
2989
27837
8627
17365
32271
625
23887
20760
29508
13337
23484
17886
17923
9447
22901
14989
941
26882
9490
25128
30409
13868
7520
24598
13744
1955
21943
11045
2441
14660
21640
8654
16760
24054
8246
13243
17939
21830
3623
17542
278
25679
2074
11204
27991
21981
15291
30274
25340
26066
26740
19598
29675
31688
16263
8889
27778
30967
2650
5468
19593
7513
2833
6105
19556
18445
19298
22499
17037
5882
19877
31297
32066
10676
21547
5326
25723
2979
13009
2501
30751
2402
24277
10299
32375
30053
12520
13805
30435
8159
3460
17980
9420
1506
26495
630
18137
31688
20705
18263
20070
22227
3571
15312
11058
23056
24216
17670
32599
27265
29152
31646
20352
20090
14299
1592
854
31820
1451
32057
19003
15393
16349
15310
14395
8487
32506
16942
12095
7665
25176
3359
26756
14362
1334
1723
12876
7979
18952
29812
13780
10942
28688
1622
22917
996
10030
27532
4974
32197
5625
4134
16370
24966
1550
26649
20670
12656
10921
27527
26623
10062
13682
10305
13265
29206
11673
3211
7674
30412
15652
20255
9176
6308
26760
6260
27288
19559
25719
20799
25513
31511
32250
14907
5488
30678
18623
12581
23614
3332
1972
18187
14207
25768
981
3015
30516
20497
17729
12999
23971
12989
25236
29967
2380
5241
23153
21632
15136
7882
11102
9306
19694
2444
7637
31488
27678
15065
29847
28923
27809
7724
30532
20802
18472
30406
2857
7864
7572
12625
20057
4855
17582
30916
26879
31308
18969
4742
2290
4354
26501
17878
15242
17892
19492
21098
6579
1533
18786
14934
31295
30114
14289
25392
7809
15027
10338
21106
3351
15389
13787
2335
3847
31395
2693
17066
782
26335
28197
6931
31540
22659
28718
24659
22692
2789
565
4858
22971
17083
5797
23063
20063
290
6068
28248
26258
26598
19094
16498
20294
13053
29424
24259
4467
27476
19087
24118
26472
14031
8538
19048
31839
27019
14725
24841
19027
15462
13320
7300
2582
19649
8528
20962
27038
18820
2612
26091
31903
29027
1322
23951
7008
18016
11195
19845
9159
6801
1076
27954
20661
23076
13215
20684
7066
13984
3057
3775
23616
5997
19077
21584
6891
29591
6857
11648
18596
30927
12600
1075
20946
9139
4744
6801
16138
11599
23332
1197
22568
29155
6876
25956
32159
13542
6363
29321
11277
26188
5082
1087
24083
19717
21140
13221
16483
15046
6266
19641
27674
11531
21159
6006
6993
32605
4374
15424
3054
4816
8211
18306
1216
3793
21999
4246
12492
7966
26872
2021
17633
21270
25000
12367
9075
563
32029
18381
29350
22997
5065
25428
22696
30785
22635
509
21060
14569
830
23396
22452
5614
15728
27981
17335
17123
24789
3214
12516
25812
24541
32041
16702
2950
27076
21944
1032
20481
7944
12814
28123
15436
27168
31003
5877
24696
20587
14864
13268
14559
20327
25796
31748
18862
6691
24918
29493
5025
19191
19221
18576
17934
23922
21148
16459
21029
1172
2881
23419
17270
12605
10161
12842
436
23782
27092
13226
24504
27791
18935
16680
7112
16376
6441
22148
13594
16660
8933
13665
14996
1979
4594
18040
30422
26015
7304
9521
7546
28289
15284
2420
23962
20645
29181
956
32147
4483
25928
16238
25609
703
20473
16234
12844
859
3419
18655
21305
24876
17730
28771
9539
28298
31471
32067
7987
8268
819
5911
6158
18420
9688
29082
4982
15910
28220
27321
14196
4447
28479
20202
20340
3299
32351
14271
145
11255
10786
14523
4883
19793
28597
20068
30006
15053
29650
17305
23342
22881
17126
294
8295
5459
23668
31638
19985
24233
3508
13129
27356
18914
24449
31430
30720
10467
7026
30545
16257
12340
11334
4033
22449
31852
23941
15756
32758
3050
15972
29732
15053
198
11241
4742
18703
16135
18001
4879
27252
15127
21935
28050
1877
3188
25045
24489
10166
6311
375
3912
23427
27258
9358
15256
30746
2406
24059
28674
20234
25931
28781
28041
16922
10852
8836
15966
22670
4473
7735
10158
14757
86
24435
28095
12390
3709
30212
7739
7324
16920
7865
21708
29984
6449
30659
11752
16214
13093
21599
23535
8186
11862
29621
4723
26909
3617
7935
15318
18794
15632
29421
11547
174
32592
22600
19446
15768
26981
28631
23333
2237
12060
30079
24835
24798
24257
24237
23643
27758
23699
14329
15226
25679
12917
1539
18824
7133
2022
11681
1560
18989
22067
10045
6909
30870
11499
376
25695
14961
6804
30483
16143
4638
3484
7184
4376
10056
16787
26132
16535
12905
3223
5136
3276
16784
8463
14624
32112
14946
6044
28340
23625
15710
21836
29165
27901
20070
8721
12362
22308
26235
882
1923
30368
21193
12161
15541
1585
1251
11277
28352
22596
14415
28184
2029
4620
4421
3467
29397
7380
6324
24873
5758
16788
14726
5826
24006
8898
8997
7081
19973
2154
13630
26984
28910
12929
22725
2737
5558
9591
27193
27800
11641
9483
6441
20480
18137
20835
24823
28499
27880
6748
32476
11383
27976
32031
2348
23293
18832
16373
3035
31387
22514
8284
20033
30172
22299
10074
9754
14614
31067
6161
31697
13725
11014
11412
25598
9526
6170
5369
29229
8654
13601
27823
10465
25964
20313
6674
10968
18021
26643
19517
4497
17359
24409
2847
3340
13879
12755
3538
12497
30871
19948
19239
4659
7554
17456
30854
7126
1186
22264
27381
14959
25700
11594
3702
18123
7154
11515
26518
20755
24930
16406
21315
12622
8236
2434
30942
295
7138
19678
8849
25328
11035
3504
28643
14824
7857
10687
5769
14265
10540
29373
9599
25413
23165
2857
32344
31906
1008
2676
30931
25187
6236
11363
25774
23578
23708
4020
23999
28187
31811
18436
9792
6786
22156
18160
31595
13175
6032
24699
6215
8880
29116
28335
23233
19000
2945
22664
16126
25199
30029
13
9456
31059
15291
23488
5159
30461
27143
16184
29162
19310
4292
5901
23943
10636
9425
7156
9959
29544
19081
16683
4965
15298
24890
25112
25824
207
25304
29485
22287
1082
27635
14862
1813
25704
32743
20726
31062
23296
23891
31063
12680
17579
30412
448
4365
22040
25554
17156
28544
8772
24066
30873
8590
22008
7822
30782
25095
19603
12267
3296
20788
25097
1993
30911
32364
9772
32072
25293
12258
21802
28521
13142
23745
14679
12226
9190
3451
23085
1399
1640
5725
7313
23653
1931
24680
14424
29856
28778
13404
9994
9760
11115
15381
28646
3255
4199
11802
29990
12358
15372
22388
9860
32049
30336
30652
15612
8464
27975
9080
25556
8104
17511
8360
29402
13337
17098
29083
7661
21080
7651
519
15806
23776
10389
10841
5592
25253
26960
32074
15326
31050
23421
5043
1044
1939
24604
19106
5921
5149
8619
10157
5396
27725
28490
22406
27044
14214
21278
31440
13756
19103
26611
13617
29239
20372
12837
12969
12264
5499
32704
5922
6365
7354
5094
3144
5860
13176
8561
24986
17231
13905
22746
29377
1013
18766
3418
18465
31097
7444
13646
9647
8911
5211
18912
31746
23035
23970
18916
28588
3612
21793
25600
27338
24234
17152
3088
27866
31740
18886
32712
3277
28941
6420
32411
24925
14975
14483
14556
17313
20192
32555
14884
8159
31789
2678
21235
18593
16020
19060
17818
11
29822
30080
14936
11115
5069
30850
16067
25874
17506
14183
21609
24675
995
12750
21176
21545
14011
24580
8219
24366
19042
23603
1638
6921
19678
11222
9844
20791
7562
15728
20238
1645
6934
28286
15119
20525
29391
11690
31430
10392
29984
3393
3228
13443
4953
23015
26871
12236
27312
2442
1374
29678
134
5780
4829
19668
5099
7013
31659
4075
10339
16896
25610
10619
11754
23556
12911
5175
27191
14047
25315
28435
1854
62
10665
9557
27384
20167
10529
23791
15462
8971
16108
7948
14804
29878
11345
28393
17499
8201
7647
17126
17577
18315
22100
5085
19717
32251
190
30386
7309
19592
28128
29739
26562
26949
16599
4866
2631
12759
20222
18489
1510
15984
14094
16814
29396
8450
29578
16111
17718
9388
27738
27727
3043
8569
19381
29754
3180
14409
6725
15045
24666
2831
26246
30601
30646
17725
31600
8626
9423
2173
27221
25171
5431
4514
27660
253
23567
10718
23887
32399
29060
14389
23138
21071
19354
1841
15861
32058
29737
4824
1868
26521
16420
29403
27549
15573
3105
13584
5818
14732
8726
15394
24303
8164
11361
30344
28718
17952
23052
435
12905
29553
6222
3468
28480
32526
1365
5149
31452
25990
66
14734
25627
18517
31350
26708
28653
2998
28172
32165
25598
1721
7590
6703
25749
31125
365
27401
27068
15935
1363
32490
4001
